9780385048842
9780515041606
9780440182610
9780930330934
9781555534004
9780786705030
9780452011878
9781842322765
9780375701238
9780685661444
9780451015785
9780553235203
9780312033569
9780316290609
9780671814526
9780940322196
9780451008688
9780394756967
9781583220085
9780718208110
9780316253505
9781564782601
9781556526015
9780881841411
9780316626590
9780767908191
9780304352418
9780340026069
9780316955133
9789997409126
9780452269569
9780140123463
9780316181747
9781559210355
9781568582467
9780892440382
9780394448145
9780143039020
9780060134952
9780812810141
9780451194008
9788203847080
9780310241638
9780061145391
9780679736639
9780449213445
9789997406248
9780340105269
9780030624407
9780316955102
9780829423501
9781844080366
9780671753283
9780877956532
9780060751869
9780671827632
9780316767729
9788493388331
9781842322543
9780571203130
9789997403476
9780142000656
9780446310765
9781557501738
9780285636040
9789997410603
9780060529345
9781568491189
9780449204146
9780855948818
9780449244715
9781596542297
9780881841725
9780385333849
9780679725220
9780380011711
9781577361817
9780099399018
9780451205766
9780802135445
9780451075413
9780060541811
9780751507928
9780413563705
9780099478430
9780380010073
9780451171351
9780854562206
9780706604276
9789997403469
9780375760372
9780061120084
9780688117221
9780881842715
9781585670161
9780679739043
9780807119464
9780450006470
9782266127745
9781564783196
9780349109978
9780002218177
9780241906125
9789997408037
9780815602323
9780060956707
9780333084649
9780684830490
9780848809812
9781580800464
9780006136729
9781842323472
9780316252966
9781842322512
9780884962861
9781555832902
9780060548254
9780099478331
9780380017607
9780449459331
9780671824716
9780385036016
9780374529949
9780449203699
9780385313872
9780374525323
9780394756974
9780007203949
9780515041477
9780787104733
9780743431712
9780385010306
9780449205723
9789997499806
9780449208953
9780449911907
9781585673698
9780425176085
9780810115903
9780394465821
9780394751016
9780553271980
9781556525766
9780811216708
9780425067826
9780374519995
9780743278904
9781560258599
9780517223000
9780679725442
9781199796158
9780316769174
9780451010216
9781558534315
9780449912515
9780099478447
9780758205377
9789997406293
9780899661049
9789997410276
9780385042499
9780515035353
9780684818955
9780395957752
9780884115250
9780848828073
9781453218471
9780375708770
9780671584009
9780060088910
9780881842678
9780395073681
9780877955498
9780330400206
9781590170342
9780937548646
9789997408952
9789997519375
9780375726811
9781591140931
9789997410344
9781941493021
9780006154013
9780394714127
9780679735977
9781554887927
9780749386979
9780679745570
9780786705214
9780671810511
9789997519320
9781559212144
9780899682785
9780140019360
9780385422222
9780330327787
9781599880006
9780679733850
9781556526442
9780449209912
9785557019361
9780892440542
9780523409160
9780449206515
9789510155424
9780330487832
9780887391569
9780671800840
9780812978483
9780385010283
9780394751054
9780312043063
9780802135193
9780440184621
9780374529383
9781568496429
9780316626422
9780860686620
9780316253512
9780316766944
9780553244229
9780449912164
9780449213872
9780060502959
9780060124359
9781557504463
9780880016544
9780803260139
9781480430464
9780440174240
9780451134561
9780451078995
9780440164173
9780007154920
9780718109264
9780440183488
9780679768081
9780141181363
9780394756981
9789997406576
9781842321522
9780393084771
9780451078612
9780892837007
9780679731214
9780553244830
9780449019948
9781860468148
9780881845976
9780684852560
9780449911655
9780440226703
9780829421231
9780143039488
9780553241600
9780802131782
9780140252415
9780094529809
9780394442525
9780765351463
9781842324271
9780451018779
9780523009544
9780671798208
9781556111921
9780802135452
9780752858630
9780394485287
9780385334204
9780670304486
9781857994476
9780586088999
9780060548261
9780099285557
9780440104018
9780671500979
9780006157519
9780316252997
9780829421286
9780375726828
9780671874896
9780241913000
9780709031109
9780671781064
9780441137855
9780765351128
9780340839904
9780445030015
9780449205624
9780345470386
9781400031047
9780316952668
9780316111744
9780143039006
9780802134295
9780375727061
9780226264165
9780142003275
9780618224890
9780060747473
9780743442534
9781125718728
9780553258479
9780394604305
9789997557704
9780553227888
9780393318678
9780679774389
9780690183481
9780874412833
9780966304404
9781558820210
9780451030801
9780449202203
9780891901051
9781568491516
9781568493787
9780375760389
9780807120323
9780941308106
9780670704828
9781931313278
9780304364657
9780807123348
9781568495569
9780689706110
9780404113704
9789997518361
9780317279252
9780449911938
9780451200181
9780061007224
9780553266306
9780006164340
9781903402665
9780449213049
9780553117691
9780375726842
9780394483160
9780143039945
9781562080013
9780449201398
9789997413390
9780848820312
9780850464757
9780140042597
9780440124559
9780854566945
9780671787561
9780553121698
9781841192628
9780060092573
9780440215813
9780441860388
9781560254553
9780330200462
9780553206944
9780450013935
9780316769020
9780002216340
9780451021946
9789997499745
9780767913478
9780395929735
9780060528874
9780571225460
9780156372084
9780449912430
9780451025661
9780140174243
9783776623345
9780317279078
9780285635524
9780803298415
9780850467628
9780333089620
9780515080834
9780812967388
9780140162110
9781568494470
9780850315202
9780449229163
9789997519313
9780434890156
9780892440016
9780829421224
9780575002654
9780684844640
9780385043922
9780670790203
9780140073379
9780394488837
9780060088927
9780375708732
9780425104279
9780749320683
9780007111480
9780449209424
9781877838095
9780394427928
9780142003251
9780425030011
9780434890286
9780671822781
9780449206508
9780380454013
9788476408834
9780440186083
9780451026651
9780812971354
9780848822835
9780451094551
9780316955171
9781559210553
9781556524905
9780070024410
9780141186375
9789997409461
9781568490250
9780316713900
9780679741923
9780340717523
9780316290463
9780006135128
9780316323710
9780151904709
9780671788971
9780143039471
9780822207825
9780394724133
9781860465963
9780385062442
9780684132792
9780441052905
9780248983860
9780553257380
9780802130839
9780226393742
9780060795481
9780316926300
9780671818241
9780099324515
9780855944872
9780395665138
9782070371228
9781125979488
9781558615168
9780912946870
9780440167365
9780449213537
9780385054270
9780061148514
9780312243111
9780449206225
9781842323007
9780451013729
9780837130606
9780670719440
9780664300340
9780807124789
9780451051950
9780743253420
9780020238300
9780890961858
9780892440207
9780141185736
9780449912492
9780718101329
9780141186054
9780316252980
9780425049938
9780142002186
9780394701844
9781590170588
9780803289185
9780440405795
9780449214480
9780143039198
9780451014078
9781590171240
9780156539050
9789997406347
9780156167741
9781556526183
9780773524972
9780312155889
9780785926313
9780140153200
9780671617677
9780786706822
9781570900839
9780380607235
9780671823276
9780006127604
9780395139394
9780374249403
9780141188058
9780679720225
9780451016454
9780671811990
9780891903550
9780330323994
9781559210225
9780451138293
9780812969825
9780743482974
9780099463535
9780451022578
9780380820740
9780792719229
9780226677149
9780940322295
9780811209649
9780064410939
9780451010001
9780340937600
9780374529499
9781566475136
9781842321577
9780143039570
9780316289290
9780425176368
9780316253536
9780434859009
9781602390171
9780142437292
9780060973612
9780316955126
9780060124205
9780743431705
9780586023969
9780891908333
9781842321430
9780393008326
9780385333764
9780679764175
9780884118794
9780380598656
9781556525322
9780670596089
9780374529260
9780425031827
9780940322998
9780451184139
9780006126096
9780671038946
9780375700705
9780007115235
9780374475109
9780099466871
9781844083206
9780140019469
9780529053923
9780451037794
9780449214541
9780060747480
9780425073728
9780434859078
9780899662169
9780855945718
9780449209516
9780807119273
9781852900021
9780451017635
9780450015380
9780094530003
9780786717507
9780340128770
9780786705245
9781199795229
9780091037109
9780449210130
9780701130459
9780865470569
9780891760085
9780767915854
9780140189421
9780671808983
9780679745655
9780060931902
9781844080304
9780449214725
9780006161417
9782868696601
9781842323519
9780743445009
9780848803759
9780385240864
9780786706372
9789997411037
9780375508356
9781842431498
9781400095414
9781569802625
9780671809874
9780670671571
9780877972280
9780151434039
9780060539252
9780491000543
9780440405825
9780340043097
9780006164333
9780743452380
9780091220600
9780316290630
9781416542841
9780091232900
9780552039758
9780679732761
9780345215888
9780449204283
9780304361885
9780241906866
9780960967407
9780449232187
9780394702827
9781448201211
9780224606851
9780385054546
9780312968984
9780859972321
9780142437834
9780156529402
9780837161815
9789997407351
9780099483502
9780812881639
9780002218153
9780807120675
9781568494876
9780316253598
9780813191553
9780930330804
9781556526596
9780060085490
9781618867063
9781400098026
OCLC#653020
9780345215161
9780874517446
9780679730422
9780002213950
9780385082761
9789997409232
9780753160961
9780140184938
9781842322833
9780143035299
9780434301140
9780440105121
9781448205721
9780548386972
9780394751047
9780671808990
9780552078726
9780374516314
9780451146588
9780449221549
9789997406620
9780805207781
9781842322895
9780449235669
9782702108475
9780375726750
9780425031575
9781596872547
9780722158067
9780879238636
9789997512680
9781842323014
9780394439594
9780140153224
9780380820757
9781842323243
9781135337162
9781883642808
9780141023427
9780972429542
9780829421569
9780449231937
9780440119173
9780515079197
9780432031001
9781903155172
9780856179853
9780671780166
9780553236651
9780140022001
9780816633708
9780449451021
9780140154412
9780837162812
9780099470472
9780060956868
9780395298466
9780316926201
9780449912256
9780689119477
9781590172322
9780316783552
9781555536695
9780679736400
9780416006117
9780548390207
9780892440757
9780449229774
9780863076954
9780394438559
9780425045718
9780891902300
9780316296199
9780811212496
9780837167770
9788205339743
9781890434076
9780449237571
9780143039976
9780671874988
9780380006427
9780553067804
9780679759256
9781596542853
9780856175213
9780434890255
9780141185262
9789997412621
9780802137951
9780140123487
9780451071385
9780684863542
9780743261951
9780099285090
9780881841442
9780394415659
9780142003282
9780670736072
9780671783884
9781551522111
9780451010681
9780515078640
9780312966683
9780899667584
9780385040976
9780141186580
9780971461239
9781455617326
9781841580661
9780449211236
9780807121610
9780821409800
9780436285516
9780345358820
9780375726767
9780061137396
9780375701894
9780670778003
9781883642815
9780140019629
9780316253000
9780586053430
9780449912447
9781883642693
9789997411853
9780894370304
9780891903536
9781872730158
9780446896450
9780393085990
9780316513494
9780393310320
9780736602426
9780749000301
9780938077015
9780553281002
9780449214237
9780070601901
9780571058006
9780099595496
9780394450827
9781400031054
9780099289982
9780156252331
9780811209663
9780451528230
9780884110712
9780812813586
9780140169300
9780394481739
9780151569403
9780802137968
9780345468239
9781502311412
9780345215796
9780854565214
9781586420208
9780816160297
9780374521028
9781559212748
9780811202022
9780837137285
9789500427456
9781566491242
9780698103276
9780491001779
9780803297685
9780755105038
9780450040139
9780375714184
9780330202442
9780006127260
9780156126304
9780822205524
9780685239308
9780684825847
9780701105723
9780451200525
9780091082307
9780449240304
9780006161226
9781558630499
9781564782663
9780863221859
9780451018328
9780099504184
9780860685784
9780141183725
9780825515453
9780449449981
9780345206275
9781883642396
9780002219075
9780156729154
9780918769039
9780002218535
9780891901235
9780821739426
9780312155445
9781596541368
9780436070907
9780140153194
9780553292602
9780140039634
9780786466900
9781842321447
9780375700392
9781590171615
9780316289412
9781572331341
9780330281539
9781539649083
9780884110699
9780451033321
9780679740797
9780156027878
9788422612742
9780965723138
9788071455707
9782020053662
9780316172141
9780745134116
9780345320391
9780345301390
9780002240215
9782253034759
9780446321440
9780099470441
9780553209846
9781504008365
9789725686041
9781423743361
9780425192948
9780759542600
9788886845847
9780002001519
9780679460695
9780002254526
9780399145599
9780754021711
9783426618301
9788820025793
9788478883356
9780679774327
9780316913140
9780553455533
9785457229020
9781614752080
9780449129647
9780434864713
9780345301772
9780385008969
9780233981048
9780451217417
9780440206521
9780795310744
9785170434473
9788484506355
9780751510652
9783453071735
9781442363168
9780020199052
9781101000762
9780345369086
9783462020007
9788401323386
9781306602655
9781414325101
9780553702101
9780676970630
9780451972101
9780816148707
9781630264277
9780718133764
9780356188164
9780450496882
9781840023343
9780792430926
9780670829866
9781409121480
9780440132783
9780434041015
9780061746512
9780446612357
9788475968513
9780316130097
9781409119821
9780515047882
9780575025615
9783785709351
9788401491634
9781409027089
9780552992121
9781888952292
9780452282193
9788639300760
9781453217597
9780862202545
9780345301086
9788489746398
9788879720410
9788633131643
9780752851310
9780671222291
9780446891646
9780553258462
9780751519716
9780857501639
9780307813794
9782258059306
9788497930499
9784003234242
9780671739669
9781480403161
9780745171135
9781598873290
9788804466451
9780060155513
9781850571254
9780440188414
9780312355425
9780440057574
9781299007864
9780449241400
9788878240612
9781614752066
9780061203428
9781556902444
9780553128345
9781781163320
9780297767817
9781400064564
9780340208182
9788888813691
9785942788384
9781597770323
9780553129199
9780380005161
9780745132044
9780446612425
9780340213698
9780553104226
9780449206089
9788425306778
9781781164303
9781452041360
9780708900987
9783423113601
9780434140916
9781514280348
9780345430540
9780751519686
9782266105392
9780553381344
9789635488841
9788202128999
9780606275743
9781299006546
9785556068445
9781306988421
9780425131404
9780743420631
9780670386550
9780670811595
9781306190510
9780606086684
9789151821559
9780751525939
9783838703497
9780671703004
9780816141623
9780345331595
9783832180317
9780397012206
9780140048339
9780553170214
9780233970943
9780395266830
9781844089604
9780451088819
9780006157694
9780425080122
9780517099162
9780786865390
9780007413577
9781408287095
9788877181695
9780449200605
9780002221245
9780449442593
9780062269164
9781299041974
9780440171584
9780743219631
9780751538182
9783100377043
9788860613363
9780345443618
9781442002081
9780739321041
9788466632119
9781401303297
9780517149225
9780007373932
9782226179692
9781847821232
9780552216463
9780759569430
9780553903331
9781405616768
9781423306443
9780399153693
9788388087769
9789724609430
9780440235057
9780374270322
9780061436772
9780788751271
9780385335126
9780752826004
9780747584650
9780613225632
9781101351925
9780345531964
9783492235976
9788852035166
9783548257457
9780007386857
9780736648660
9780881036350
9780688003982
9780224016179
9780446325578
9780586054581
9780394505084
9781471131080
9781101405796
9782735700479
9780451136978
9780312021795
9780330266666
9780330266628
9780140108033
9780739485132
9780732907600
9780061687570
9780425196748
9780450046629
9780517345542
9780099559825
9789500406314
9780671415044
9780743455800
9785170124831
9781888952285
9781306622318
9780099246800
9781940059037
9780515122824
9789500419321
9780061186448
9780449220184
9780586068991
9780747519263
9781560540540
9780060547325
9780816152445
9781409007760
9780816157945
9785557085373
9780441735761
9780451170385
9786063302961
9783442072903
9780816149872
9780436200311
9781627153072
9780671707958
9780449222485
9780517112496
9780061434310
9781453210550
9781501105876
9780061119781
9780375726637
9788385519164
9782823805451
9780679423478
9781497615908
9780062495808
9788497933650
9780792484240
9780446913553
9780671735548
9780233976976
9782221086094
9789651304217
9780436279683
9780394965802
9780446326308
9780446512923
9780816137244
9780450058196
9780061712890
9785170686773
9780671693114
9788497592581
9788852015793
9781417557776
9780449203323
9780671727765
9780440092209
9780394740584
9781444802337
9780425109885
9780670589333
9788402075444
9780440180098
9785551630937
9780330300841
9788878190689
9781627159159
9780440130918
9780990844624
9788576571377
9783453043701
9788307019864
9781101000991
9780061847851
9783404114672
9780685134689
9788804334057
9783453189317
9780783815084
9780552146548
9780394281261
9780345531933
9782221124307
9780333614051
9780552137492
9780385202008
9781447274636
9781299025233
9781405643795
9788652100415
9785170030941
9780246111548
9787678300397
9780333306413
9780816131464
9785551246503
9788422612117
9789707774742
9788427027268
9788804622925
9780375756702
9780425193204
9780812974928
9780156032971
9783499136283
9780816150441
9780399134708
9780671899585
9780156026987
9780345420176
9780425195482
9780425144374
9780425125465
9789953299006
9780450524684
9783453721807
9780345347152
9780006163299
9780261103627
9783498043728
9780786544271
9781846179259
9781423310013
9780755328062
9781588366191
9780007251537
9780061120831
9781841494746
9782290014608
9781565125605
9780316732970
9781306755146
9782290002803
9781409091776
9781439560327
9780060735050
9780340256565
9780553244519
9781471906565
9781453229408
9780451116109
9780246111555
9781444708127
9781452041384
9780446328395
9781453200582
9780671242480
9780002228794
9780394536323
9780394538891
9780002228718
9782246346418
9780330294041
9785170730070
9788096702121
9788401321061
9785170288120
9782226305367
9788370822927
9780006171584
9780451137951
9780099743811
9781402237911
9780425069936
9780671445324
9780449446720
9780671531522
9788525427465
9780425103241
9780553049886
9783548254678
9785170049813
9788439727675
9781480408173
9780340363706
9780380977420
9780070191631
9780006164173
9780553268447
9780060986056
9788858608968
9780553229134
9780553255249
9781453271209
9783471780862
9780061170324
9780739345863
9781596000094
9788852076947
9781299103481
9780670915958
9781306657358
9781472207074
9781405615662
9780786564194
9780786285068
9780345495129
9780061172076
9788022008969
9780671817855
9780689107733
9780436224454
9780553208795
9780143566359
9781306190404
9780449234495
9780446587471
9782277215349
9780816133857
9780877953173
9780712653572
9782070387113
9780140064803
9780751505559
9781453235133
9780345400482
9780553812978
9785271368462
9780312909666
9780553270181
9782891113854
9781444814637
9781557730442
9781558002333
9780394298634
9788374690423
9780718135089
9789041763143
9780452267107
9780385008174
9781453263426
9780812881936
9780786109005
9780671657642
9780091573904
9780831750428
9781451607741
9781400000876
9780007304592
9780008125011
9780896219656
9780436279706
9785912509865
9780816148424
9780786507917
9780345900920
9780816148394
9782234063303
9780792481676
9781937957643
9780688034047
9784167275709
9781501143847
9780446676441
9780571180929
9781590400852
9785403033831
9780749319748
9780816144877
9781906100131
9788497595353
9780246133236
9780517563380
9780006176541
9788878245297
9780670639342
9780582186552
9781407095653
9781453229385
9780425089774
9780446512459
9780451235985
9780515134889
9780425058602
9780446322164
9780575113046
9780425063293
9780330512930
9780688011505
9780385282635
9780330280662
9780553252705
9780345305503
9780552122559
9780745159454
9780330247382
9780061749988
9780140243437
9780007175215
9780571932511
9789721040359
9781442342842
9781599957388
9780786561742
9781856862585
9780745127873
9785976213364
9780605253421
9780749323103
9788830439658
9785237021660
9780755389735
9781569563847
9783442243815
9780060975302
9780783880006
9781875980123
9780099101710
9781627151757
9785553534134
9780804152563
9780679738817
9780345539199
9788440622754
9780743571319
9780739327951
9780061562785
9780307472144
9780575083950
9781299026032
9781416586852
9781460382080
9789400507357
9781405687317
9780316218511
9780425227985
9781849834858
9781409106623
9780345477477
9780739334652
9780316142625
9780061656200
9780330490849
9785170493654
9780762102501
9788845216503
9788328009646
9780553173055
9780862201562
9780330324120
9780671570439
9780718126995
9783905414349
9780816140572
9780816139927
9789721026728
9781743290194
9780440181279
9780449211823
9781453218495
9780446584159
9780515123296
9780606200745
9780861610174
9780786257928
9789875660229
9781306630894
9780881843149
9780425056042
9781568650630
9788804510062
9780345418111
9780399122415
9780449213780
9785457487949
9780451192004
9788177661064
9780733801136
9780001857179
9783641100391
9780517357682
9788408024491
9780060084103
9780743467216
9780751519792
9781322585390
9781856868136
9780786208289
9780739425794
9785170393756
9781407068961
9781587242755
9789875665644
9780446173827
9780786242160
9785558835519
9785170167050
9780340734018
9788373596306
9780375431982
9780671515799
9781568952550
9789871138043
9781299040670
9780701163020
9781436222990
9780753151082
9780670865437
9781405639712
9780061212543
9780385340618
9780007232444
9780356207704
9780451156235
9781299968424
9783219104707
9780553175981
9780345307347
9780983736660
9781568950600
9780676976236
9781299005150
9782259190534
9780345372444
9781568957395
9780786250622
9780446515054
9788370822880
9780872168596
9780515139778
9780886900922
9780786226757
9780451966803
9780140088946
9780553265545
9780553172331
9789509779242
9780446357425
9780552131407
9780425087831
9781429527941
9780896216761
9780795308307
9788811665199
9788838485305
9780330332651
9780345463715
9780307767431
9781598870503
9780783883533
9781299008182
9781439126219
9782070411726
9780684842837
9780754000792
9781299042278
9788440688293
9788420443485
9780736638265
9781566840286
9780671223380
9781558009493
9788360123331
9781299208650
9785699299812
9782809814927
9780606012508
9780020199083
9780394587899
9780449220849
9780340535271
9780784838068
9785170269839
9780316024211
9780394585635
9780143195436
9780449203439
9780330466103
9780517448342
9780140046434
9789501517286
9789748482040
9783453046757
9781436218375
9781480470972
9780006176954
9781480412392
9780312044596
9780307831750
9789536450312
9780593035610
9780525223658
9780671446628
9781568650920
9789573254003
9781453264782
9788495353627
9788372458308
9780440054832
9780312714109
9781322473659
9780688035327
9780449242070
9781299043749
9780802135674
9781306746281
9780449200094
9780061581410
9780241973653
9788571951600
9780434297504
9780816134205
9780671464769
9780446604666
9780778328841
9783150197516
9780451221018
9781283995368
9789041711557
9780593050163
9780399151453
9781407069029
9788830422889
9780375433016
9781407020631
9783828977990
9780753179260
9781299059139
9780553583380
9789722520249
9781401391348
9780743476294
9781299093584
9780385175616
9780340268735
9781407059136
9780060884215
9780759598126
9785559106649
9780752842387
9789722514392
9780756933937
9785559022154
9780330413169
9788308037324
9780739433713
9780316724487
9780719562914
9781435257863
9780099523208
9780747200000
9780440295181
9780786528134
9780783815893
9780754073994
9780060176846
9780060547929
9780786205974
9782823844528
9781844568468
9781741800579
9780399154409
9788401353178
9780312377649
9781743038178
9781594483851
9780399154485
9780739357583
9781423332985
9780099557265
9780307276698
9781447274308
9780007177431
9780755323159
9782749921020
9780062106568
9782226336309
9788755512344
9780517386521
9780722183052
9781444776645
9782266235853
9780140883657
9780007134342
9781299042650
9781888952520
9780141049526
9780374281601
9782259221870
9783453864955
9780712620048
9781455532940
9789616473170
9782258117006
9788466615716
9780739301203
9781409036883
9780718146290
9781409122050
9785559029597
9780307833570
9780060515133
9780316030076
9780312372255
9781436203616
9780575101425
9782809809299
9781414372464
9788324018253
9780786241064
9781841195278
9782290116333
9780006499091
9781101968338
9788071186809
9780788165979
9789724609027
9780446574945
9781848941069
9780679440642
9788371694868
9788373379022
9788850218943
9780552144957
9780440295037
9780399132674
9788022007030
9780553051827
9780816144792
9781850573449
9781782068235
9780394561271
9780141188799
9780816140138
9780061098680
9780748114795
9780842332262
9780446199896
9780345409324
9780708993941
9788863804782
9780752848136
9780593047026
9781627151481
9781101098387
9780399138799
9782744160615
9780399145483
9780061477096
9780375402678
9783526434047
9784444401371
9780751542004
9780694519408
9780061141959
9780060547851
9789792247251
9780552997966
9780385324052
9782265077935
9780345404770
9788372987020
9780425186312
9780060010447
9780739419168
9781407210957
9780759592711
9785170183517
9780786235100
9780756912789
9783442359158
9788373111851
9781299096462
9780312365783
9780786237449
9788378580157
9780099238928
9780312381646
9780759564589
9780751588279
9781299016149
9781417802791
9780614279375
9780061916014
9780425120439
9780425101568
9785551494942
9783550083532
9781402524974
9780553897067
9780754092179
9781565124059
9780345460196
9788806164102
9780399149306
9780345487407
9780804119351
9780816142385
9780340952252
9781433242793
9780450390265
9780345010735
9784042537182
9780918372109
9789638009661
9780552122832
9781299207837
9780307566393
9780816135158
9780307567369
9780722152423
9780008162207
9781306599573
9788440644091
9781876590888
9780061259302
9780755337576
9781101147108
9780007252114
9781597108485
9780141021737
9780143143420
9781602850613
9781299070691
9781407013121
9789532401134
9780755330362
9780316018951
9780006144946
9781587889172
9780893409241
9780140814781
9780671558130
9781581825374
9783838722849
9780091586102
9780552114202
9781940059136
9780553588873
9780149027830
9780765108234
9780756786786
9785040088393
9780593043622
9789600422900
9780307715029
9788611172798
9780099533252
9780061129278
9780671034009
9780316694377
9780842365567
9782266102681
9780752844275
9780743204293
9780525944836
9789532180053
9785237011937
9788422683032
9780340267554
9780739329719
9780141800134
9788401328374
9788422607823
9783442352609
9781299112827
9783257060706
9788371291876
9780440240792
9785170566464
9781939457295
9780340338445
9780743216296
9780002238076
9783956492334
9780679312635
9780394588155
9783641110253
9780862202293
9780060563844
9780446346825
9780340422519
9780340961803
9780285640627
9780002254199
9781472235749
9780375404160
9780618245536
9780345477248
9780552146395
9780399146725
9781442077416
9788022011679
9782714442963
9780330490184
9780743258272
9780333662793
9780436496813
9780380017805
9780345271952
9785170605149
9780446611800
9780756912857
9780571210145
9780593045251
9785170276370
9781453219683
9780743224031
9781740305563
9781587883897
9780786238187
9781405916622
9783453180482
9785170316144
9780312277710
9781439507841
9788633129060
9783442450411
9780440295907
9781906100032
9780446913560
9781593354671
9780712680462
9782738226655
9781898800637
9782744121920
9783499255502
9781743290255
9780552146371
9781415956595
9781930161900
9783828905009
9780786508594
9781440627606
9781593358211
9780307390271
9781449896881
9788834712849
9781416513452
9781423309383
9780060183684
9782891118286
9780007384785
9780261661677
9780440087359
9780743537544
9780425062852
9788432240119
9780385182850
9788830406827
9780688019129
9780739428115
9781429593465
9781101207406
9780515145816
9781429591973
9781743035764
9789023443797
9781407010847
9780312343538
9781429924641
9783453265851
9780708990421
9781446401514
9780099538172
9781440632648
9788482566498
9780753154564
9781417561049
9780786215058
9780792711148
9788372453815
9780061171574
9781845293369
9781429525978
9780743565196
9781596002838
9780340892282
9783426196601
9780739327043
9780395860069
9780671492274
9782724222234
9785699195527
9780425071014
9788426422446
9788817677905
9780552124997
9780091534806
9780394530154
9780816136162
9783548207308
9780451176240
9780816136049
9780517485989
9781423316602
9780670018253
9781435606548
9780316022842
9781429566476
9788804564249
9781423320081
9781447251330
9780399154362
9782744198892
9781439562376
9780345526809
9780896212282
9781596009882
9780394580449
9783462306026
9780399146992
9780345485779
9781299077874
9781299032217
9780816137022
9780553270136
9788820009243
9780816139705
9780064401487
9780345323446
9780399153907
9784152089267
9780727864611
9781299015999
9780753819821
9780816137138
9780670220267
9780553239201
9780704339057
9780307238467
9780857820495
9781400040124
9788850239498
9780316013833
9780446612616
9788085611205
9780816148257
9780712637862
9781408802809
9788370821562
9781453298299
9780718137069
9782820502025
9780425070192
9781250127785
9781416577447
9781455584406
9781847080523
9781456102357
9781423332923
9781423340201
9780786297658
9788804582120
9781439560655
9783499244759
9781405618892
9781509829996
9780749938802
9780330462211
9788868771775
9780007245123
9781407434063
9780571235339
9780345497123
9780316013949
9781442075146
9781843444411
9789610106616
9780575081864
9781101206195
9782744142161
9780446508339
9780751528367
9780553077377
9781453223178
9780425203897
9780399136313
9781453238974
9780385299091
9788580415636
9781447246596
9781436218535
9782226059475
9780708987193
9781555046514
9780515092264
9780896212046
9781407037592
9788845414046
9780739342749
9781594132483
9781429539883
9782020210706
9780517165829
9781101546529
9780140058635
9780060587574
9780399140716
9783426424810
9780606252881
9781627157292
9781480479326
9780743508674
9780099410676
9785699297191
9780786220397
9780552147811
9780007851812
9788371802485
9780759514270
9780451209313
9780340717073
9781842430583
9782020484978
9780701167370
9781568956121
9780613131995
9780606161756
9780345010711
9780765323491
9781888952124
9780340394960
9780708826522
9788373592162
9780743551038
9780140057683
9780440189763
9780330261432
9780140064827
9781888952117
9780671809867
9782844920959
9783548263663
9781590863053
9785559305493
9782744171833
9780345462275
9780755388431
9789531963572
9781587888540
9780759587847
9782258137387
9780739306680
9788838468346
9780743453493
9780552145022
9780395665695
9781101658918
9780804119160
9781447212355
9780394759784
9780812482522
9780586070345
9785552268474
9788432290770
9781322666471
9781405618861
9780747592730
9780399154072
9781429917209
9781456101855
9782266201698
9785699512287
9782823812671
9781596006973
9780007130740
9781597220644
9781857233803
9783426607046
9780399140860
9780739314449
9780708989494
9780684820774
9780553089219
9780679425250
9781464047800
9780449224908
9780747518426
9781480435780
9780345419200
9780141929613
9781299064683
9783453052697
9781306624466
9781409132851
9780007361908
9785699031603
9780708986011
9780553289060
9781560540687
9781299046801
9780517083468
9781472202789
9780399146435
9780786558995
9780786228218
9780786234356
9788830430389
9780446527286
9781442072503
9785392100484
9780425182369
9780670910540
9780007118458
9780066213095
9781414340203
9780615974057
9781439141342
9782246346012
9785389114319
9781453263457
9780449225622
9780446340397
9780553170962
9780446365406
9781405686044
9780593059487
9781101221242
9781592124091
9781440627774
9781841492018
9781439120118
9781567402759
9781429451673
9781743031209
9780718111267
9781299056589
9780007267538
9788804578727
9780061567223
9781597107570
9780586208762
9780060896195
9788811678564
9781415904657
9780679776369
9781568954660
9780571201372
9780425090770
9780140065978
9780986195501
9780006167969
9780857820501
9780394541297
9780440115496
9781433251597
9781602851351
9780571240227
9780743238090
9780553904123
9780374144142
9789500274753
9780671504052
9781408812525
9789024531837
9780440224778
9782266254069
9780374913908
9780375704130
9780330419673
9788878189713
9780743549721
9780606206730
9780006514862
9780743203340
9788528607437
9780553578300
9780002256957
9788401329159
9780002222754
9780752881799
9781415935545
9780356220789
9788401013584
9788483462034
9781843955269
9780553803402
9785170591824
9780446194334
9780007257409
9780373772384
9780743567183
9780753179246
9781429515399
9780450020612
9780440113935
9780547538235
9780671971458
9780751502480
9781101007204
9783442366491
9780892960385
9780671577193
9780246138446
9780751553123
9780802135278
9780786868193
9780759514423
9780553505962
9781844089109
9781447217930
9788804338888
9780394576558
9783498052768
9788373373327
9780786543793
9782267008890
9781627157988
9781417712304
9781101425091
9781101146248
9780679411673
9780007384686
9780586068953
9780375728280
9788804523468
9780446614313
9780399151170
9781843953395
9780141016948
9781402277436
9780006176497
9780613177092
9780525246060
9780297780229
9780316907804
9780340424698
9780792482093
9781101098967
9781785434846
9780670879885
9781619865099
9780330312479
9789624510287
9780552130196
9780399136832
9781416579571
9781409092650
9780786221073
9781436219839
9781299102750
9780230713581
9780755380206
9780061363542
9781847391858
9780515137118
9785558804522
9781405033466
9781845295622
9780060782672
9788501102300
9780451224781
9780007283385
9780061566684
9780517052334
9780754016618
9788088915157
9781568956954
9780061801891
9781429523950
9781429531542
9780349120706
9781442342644
9788865830680
9785271428517
9780786942770
9780446698627
9788378853701
9781409156185
9785699413096
9781407428161
9781588365637
9780060878467
9788499088068
9780425217559
9788759508947
9781306600781
9780345329257
9781405916639
9780582017306
9781416539629
9780061438806
9789989326271
9788483651643
9781459246676
9780316036283
9780739480816
9788483653845
9789633708385
9780007361922
9780739304228
9780553818352
9780061535888
9780739488492
9780307455734
9780345477385
9780061190865
9780345498755
9785699453696
9781101146811
9781780221489
9781101215005
9780340960639
9781843444398
9781414322667
9780743476911
9789630764254
9781471127144
9780345444929
9783442453511
9780140097115
9780708914892
9781590618844
9780816139392
9780606251235
9780449004388
9781587889417
9781876590659
9781299078659
9783785706862
9780688166380
9788433923431
9780759580084
9788834717271
9785559309569
9780701171018
9780440237020
9781405504713
9781471103025
9789046113110
9788477652298
9781568959597
9782253172864
9780449210499
9780425096338
9788447304172
9780449212745
9780330302562
9780307943620
9780380974054
9780743410489
9780553589542
9780756756307
9780752823126
9780307414113
9781449872793
9781568957241
9782021284652
9781409089834
9780316876056
9780517103869
9785170458745
9780688094089
9780553403220
9783498057305
9780872234529
9783257861242
9783596509508
9781857231014
9780395646472
9780670823253
9781407057071
9789531531153
9781455546404
9780345466815
9780739499177
9780732286156
9781447231165
9781410408129
9780434017843
9781568950655
9780553712803
9788478889822
9780449218495
9789132317743
9780345461414
9780749907952
9780307796349
9781405005807
9781429921770
9781600242182
9780405610660
9780786954162
9788439712541
9781416503934
9780349140872
9788576879350
9780375728327
9780061157707
9780099490487
9785553534448
9782266192156
9780786271863
9781416593546
9781586216573
9780749934996
9780008124939
9780553815030
9781299103597
9781429527408
9780061535222
9780099458975
9781415937624
9780786949120
9780370300931
9782266117579
9780340398609
9780553261257
9780061967818
9780446596459
9786074008609
9780743415569
9780743525107
9780061188565
9780786244119
9788373911680
9780670031047
9781627150668
9780374311414
9780385085144
9780340613412
9789721038714
9780099537083
9780770428211
9780759526273
9780345917089
9788817672702
9781592121823
9780802195784
9780552130219
9780451133236
9788852056970
9789024527083
9788834707890
9781449872816
9781101214596
9781455519699
9780375431609
9780747270751
9781101209684
9780553802542
9780312353728
9781407455358
9780701136727
9788371294624
9781433281495
9780060512286
9782823844214
9780786290420
9788532523136
9780385329668
9780708986400
9780517157626
9780451119674
9788484508595
9780745177823
9782724282160
9788373592902
9781447212324
9780517158821
9781455546275
9780708988688
9789639237292
9780739460603
9780786553372
9780739353967
9780553897241
9780571217236
9788498725254
9780786273805
9782070420360
9781591841036
9780786222476
9783641111601
9780743467612
9780385132091
9781299035645
9780340658147
9780385316866
9780553578980
9780307277671
9782080673602
9782265084094
9781409093046
9780684817507
9780330419086
9780671019860
9780517064382
9780316902939
9781442077546
9780061093326
9789867759580
9780449459386
9781436219532
9780440335177
9784444400060
9788071187424
9780783814056
9780385313544
9780340640265
9780307807625
9780340639566
9780830844340
9788447307227
9788374690249
9780060558451
9780446533065
9780586055366
9783548253398
9780356121451
9780553287394
9781409135678
9780517165782
9781407056890
9780345428578
9781514257449
9780786954681
9780307538086
9780450044557
9780061188152
9780002232852
9780394509716
9780007217090
9789580435129
9781101221051
9780547790510
9781419348969
9785237031508
9781464047862
9781741753172
9780759513235
9781419332982
9781439564189
9780739345849
9780060840723
9780060874599
9788324700059
9785976209220
9781419326745
9781407094328
9781476715421
9780671703745
9780712623957
9780805008951
9780553381542
9783442448395
9781442355910
9780755307630
9783426554555
9788860614988
9780759570528
9780375727948
9789046114704
9780061097867
9780140292824
9785170021369
9781405006545
9781568958392
9788804384380
9780708993132
9781417800056
9785170504329
9780739414163
9780786522453
9780515132489
9782367932729
9780884044840
9788467010503
9780340530276
9780896218994
9780340976890
9780749320416
9780356253084
9781410405753
9780061663581
9781849167635
9788711411537
9788865590171
9781602851795
9781743034545
9780739307212
9788376483122
9780345469311
9780449912003
9781939126207
9780743469845
9780140068177
9782253116189
9780749938345
9780743229876
9780752848747
9781593977474
9781415951002
9782846267281
9780141001111
9780759570610
9781101385739
9780061703089
9780312993801
9780743549219
9780061187117
9780877952459
9780786104703
9780786293209
9781429505079
9780425212011
9780446505895
9780739473856
9781449869335
9781597224680
9781594132018
9780671795559
9780451204110
9780679463320
9781446435052
9780345452702
9785170225026
9781101663363
9780613707428
9780060814991
9780099462378
9780345467478
9781410400543
9780340771150
9780792728191
9780553107753
9780446169752
9781589455399
9780754023753
9780743204248
9781449873172
9781565115828
9780553840087
9780241134689
9780553588651
9784102409091
9781743519011
9780671521486
9780517169315
9780722133538
9780440202318
9780593015605
9781101398173
9780140147599
9781568950495
9780006479741
9780701163150
9782265079663
9782890773134
9780765106308
9780684872926
9780060880286
9780553803433
9780749936952
9780007318230
9781400065585
9780786281633
9781101352779
9780340833704
9781405618502
9781409165200
9780061262470
9781101213582
9781554681693
9781405617482
9780062247636
9780671792336
9780002261357
9780446513067
9780151731527
9781436201667
9780061664403
9781436203739
9781602852020
9780061438431
9780671441005
9781306619660
9780754017370
9780425110492
9788845236280
9789024546831
9780593056745
9780061143427
9781607512479
9781405686396
9780759501508
9780739343388
9788071180869
9780593034361
9780143059240
9781420121735
9783423209878
9780614976526
9781299016095
9780385662895
9780061172922
9780316641685
9780140097696
9788817113847
9781414335001
9780552137133
9780394584096
9781870451024
9780241962190
9780330300940
9780062640857
9780241964170
9781596000131
9781423315162
9781409165248
9781436218139
9781414325200
9781429509374
9780340921999
9780307795823
9781587888588
9788071181224
9780586054857
9788447302390
9781590862087
9788071187530
9780671416362
9788498722123
9780748108664
9780345487544
9781101351864
9782714474179
9780099277439
9780425166611
9780749939113
9780752801568
9780752844305
9780375431142
9780061188688
9788525037398
9780786233113
9780425275221
9780553583991
9780670878918
9788422690764
9783453212749
9780708932537
9780349105581
9780671869380
9780613654913
9783641078317
9780440295297
9780061020841
9780446512879
9780307427854
9781842439968
9780099579571
9784150204402
9780553390568
9781448164271
9783827071439
9780333602256
9780753817681
9783499132070
9788873392712
9781405613958
9780755330515
9784864910392
9781597106337
9781101209813
9781596003347
9780676977165
9785699306640
9780446357173
9780002259019
9780345483898
9788852039683
9789571302782
9780446515665
9781857236415
9780425104293
9780753184448
9780425162903
9780099523482
9781101024614
9780593021675
9780061128875
9780061149825
9780246109323
9780330250238
9780727808578
9780679411628
9780590703741
9780375705250
9781405615921
9780007351220
9780743295321
9780385297097
9780752846316
9780525947059
9781876590949
9781101214657
9780748106349
9788073844707
9780743561303
9780765307156
9780739326688
9780061289910
9781101207048
9780446194952
9781453200605
9781414340180
9782702853160
9780679450436
9785939230018
9781901982916
9780375727993
9780606189859
9780007243228
9780141016719
9780739327173
9788401336683
9781416548508
9788499086248
9780786295456
9782246749516
9781423344483
9780743567220
9781455576388
9781101209899
9782280855242
9780747560722
9788845208034
9780060542849
9788834727850
9781860429392
9780736651455
9781504016094
9780061160639
9780425175866
9781101146194
9780553580419
9780671581992
9780060587543
9781585476428
9780671014193
9781400032709
9783442268542
9780552211024
9781844139040
9784863320864
9789616778053
9780099406310
9785559441177
9789045017082
9780786228232
9785457601574
9783641078102
9781472202161
9781501141423
9789953299716
9788373375482
9781299095977
9785986970547
9781597102452
9780060770662
9780446405065
9780141019178
9782757812990
9781299124783
9780307795847
9780312946272
9780783815367
9780679418443
9781568950051
9780451979049
9781558005686
9788804372431
9788611147079
9780330329514
9781565115859
9780517107102
9781590074923
9780747259244
9788401620492
9781101203620
9780747218975
9780006544760
9780330320313
9780755393312
9780061468827
9788466613774
9781920798055
9780688163174
9781593350789
9781842431016
9780743412629
9780748105786
9789022577875
9780061239533
9785170549214
9780340752012
9780340921791
9780380818556
9781589455382
9788611173740
9781101209271
9780380976591
9780517074251
9781590862056
9781590071915
9781400097036
9780553804317
9785699200290
9780451220103
9780747585817
9781842431825
9780786282357
9789985304655
9789632031811
9780755355723
9780009377808
9788845247361
9781299095922
9780786928057
9780739430118
9780739332054
9785559315904
9780380978564
9781400193622
9782020799089
9781449887186
9780312936129
9788858414408
9789545855320
9780759508552
9781597106771
9781587246142
9780515138610
9781448164103
9780399139321
9780671856472
9780091802028
9780060172770
9784444403757
9780385423144
9780739304679
9785559608433
9780099527947
9781440635854
9781101204788
9780380698912
9780345435743
9780099523499
9780340558768
9780399154843
9781592121861
9780307481306
9780425140031
9781598877182
9780399137662
9780722130070
9782253060857
9783837130980
9780060768409
9781843951346
9780316605946
9781847395733
9780333166604
9780780413924
9781627152792
9780931674082
9780765107770
9781409091660
9780061259296
9788378397649
9780340767016
9781101191514
9780743453462
9780385340359
9782264069412
9780739313305
9781409123545
9780765312921
9780007857999
9780060574727
9789700508900
9781476731230
9780061188237
9780340767504
9788373114883
9780375431685
9780749933487
9781587243448
9780553264616
9780515104868
9780792726647
9781842433737
9780753174586
9781415945377
9781444791631
9780002005593
9781409116875
9780759574526
9780739302866
9780670888245
9781299017979
9781449870591
9780786564613
9781407456584
9780060574796
9781741165869
9781435607477
9780751508901
9780061343636
9781592120772
9781299250666
9780712677080
9781594132414
9780749936891
9781905026296
9781101594667
9781870451154
9780684832821
9780787101145
9781592125876
9780060531508
9780434441068
9780515110548
9780356245614
9781618244550
9788858500873
9789460231926
9780751527292
9780425233559
9780812976151
9780373482481
9781447228547
9781444813210
9780446312929
9781423333838
9780345447135
9780385196017
9781405637138
9780330356664
9780330297530
9781451607451
9780718144128
9788495070302
9780340751756
9780786545957
9780606313070
9780810932654
9783453133075
9780747213741
9781101424520
9781449889937
9781593356835
9781405036535
9780060895532
9782840118459
9781847391384
9780749942199
9781299097117
9781743290729
9780671743697
9783100744142
9780375415906
9781436233484
9780671665531
9781627153560
9780446195522
9781439164631
9780316098335
9780307269997
9780312600846
9780316038393
9780525951766
9780399157073
9780399157219
9780446577892
9780553807721
9780399156830
9780525951926
9780385528047
9780399155345
9780399156847
9780670022175
9781402785924
9780316036177
9780399157233
9780316166294
9780316018722
9781416594857
9780060393496
9780307270771
9781439115305
9781416545187
9780553807134
9780446533423
9780446579933
9780399155291
9780385340991
9781439129173
9780307264237
9780441016389
9780316068048
9780446195508
9780061374227
9780743270427
9780399155833
9780312593315
9780316089517
9780399156823
9780374158460
9780061859298
9780312546564
9781439102398
9780399156762
9780425236598
9780670022045
9780765326355
9780385523219
9780385532358
9781414334097
9780446547598
9780312652913
9781416563105
9781400066032
9780446562423
9780345504968
9780446580830
9780553808018
9780441018642
9780061961175
9781451608212
9780385341974
9780399156533
9780312383305
9780385340588
9781439184301
9781439133613
9780385343169
9780399156434
9780446539814
9780312554163
9781439101070
9780399156496
9780425234334
9780307266101
9780399155673
9780061733147
9780441017157
9780446546959
9780778326434
9780451228574
9780316018760
9780446580298
9780399155710
9781439138311
9780547273426
9780312567248
9780385526340
9781594202179
9781416570868
9780375424496
9780399155789
9780312359324
9780345500755
9780399155178
9780805087727
9780399155161
9780399155215
9780441015894
9781427205995
9780307269751
9780670020485
9780399155475
9780316032223
9780399156274
9780399156199
9780345505675
9780345509086
9780374299040
9780399156250
9780061779725
9780525951582
9781400068937
9780316036221
9780385533416
9780312380755
9780446563086
9780802119285
9780670021475
9780385504225
9780441018192
9780743296434
9780758225641
9780399155277
9781416549123
9780778325918
9780446577885
9781416565116
9780688163181
9780061474095
9780375425134
9780547054841
9781416550402
9781400064755
9781401301613
9780385341639
9780399155154
9780765312945
9780312348670
9781416548522
9780060746766
9780743281645
9780399155031
9780553804331
9780451224507
9780316018708
9781416543831
9780765315014
9780345501530
9780061537936
9780385524063
9780743290111
9780399154911
9780385492720
9780312349516
9780670018857
9780312383282
9780446539821
9780553807233
9780399155840
9780553807141
9780060837389
9781416586579
9780061231407
9780316018777
9780525950929
9781400067114
9780316166300
9780061438455
9780399155659
9781401340902
9780385528702
9780345509123
9781416549970
9781594489587
9780312341817
9780385517881
9781400066025
9780553807059
9780385515047
9780385524285
9780399154980
9780399154973
9780061230882
9780399155000
9780385340564
9780425222195
9780385340267
9780060548926
9780345485793
9780307265739
9780399156205
9780061138034
9780312364120
9780307269980
9780399156113
9780312567453
9780307271860
9780312587499
9780061257070
9780399156243
9780061147951
9780399156236
9780758234896
9780385343183
9780425235676
9780060590314
9780316018746
9780385517836
9780312364106
9780375414497
9780312343552
9780805082166
9780385524926
9780316007023
9780385523998
9780061578915
9780061257056
9780441016761
9780670020416
9781416585831
9780307265791
9780316065788
9780446550000
9780446547567
9780307394972
9780399155482
9780743296410
9780399155406
9781427206039
9780739328248
9780385515511
9780061138010
9780345505088
9780399155413
9781416591474
9780399155390
9780061143441
9780758210227
9780061243400
9780739377383
9780805080681
9780399155956
9780765302304
9780060852573
9780446558150
9781401394769
9780345517197
9781439148501
9781416595168
9780385521383
9780316166317
9780446195515
9781416586289
9781400063840
9780399156397
9780385533133
9780061941009
9780345497925
9780345515483
9780385501125
9780805087741
9780316096157
9781416586593
9781400065455
9780446554961
9780061629754
9780316036276
9780446564083
9781439156339
9780345508980
9780385341950
9780446539869
9780061624766
9780385342049
9780061782428
9780061558221
9780399156908
9780399156915
9780312323578
9780312362157
9780399155024
9780385524940
9781416595618
9780765304964
9780345495938
9780399155222
9780316059862
9780345495136
9780451463159
9780345505330
9780061128899
9780312369729
9781594488580
9780345509062
9780345495143
9780345469335
9780399155420
9780312368470
9780399155338
9781416563068
9780451462282
9780345497628
9781416571667
9780778325772
9780446579827
9780425223437
9780345499028
9780374299101
9780743294386
9780345484147
9780399156380
9780739328668
9780441017836
9781439172773
9780739328460
9780385340274
9780373773787
9780425227725
9780307393869
9780425227732
9780307271563
9780061558238
9780451462909
9781594202247
9780440338789
9780316072625
9780399155918
9781416563686
9781439166239
9780345509185
9780399156045
9780743294294
9781401394530
9780385413053
9781429935661
9780375414961
9780525950578
9781416563082
9780373774593
9780061930218
9780345509147
9781429983761
9780399155680
9781101081440
9780061702327
9780345516770
9780345486547
9780312367992
9780061230943
9780385340250
9780316018609
9780679456803
9780525950974
9780385341059
9780061246265
9781400065745
9780399156465
9781439187319
9781439172261
9780061160882
9781439170250
9780312368159
9780399156441
9781400069262
9780451463173
9780375424502
9780061227332
9780446527873
9781400063970
9780375504334
9781594489501
9780399155055
9780312354633
9780399155130
9780061929373
9780553807158
9780399155994
9780345505477
9780316071901
9780399155970
9780451463524
9780307272584
9780399156748
9780399156809
9780345484178
9781416563723
9780061160875
9780060829858
9781416566380
9780399154188
9780778325505
9780446195973
9780385342452
9780375409288
9781400064946
9780399156014
9780385528771
9781439158906
9780399155932
9780316071741
9780679403937
9780375425141
9780399156427
9780312377038
9780525951612
9781594489761
9780399156267
9780525951650
9781439138656
9781439192566
9780765325945
9780765323965
9780446573641
9780316020725
9780670022120
9780345505491
9780399157141
9780345509208
9781400065936
9781416595182
9780765317681
9781416565154
9780553804867
9780399156120
9780060888749
9780316018784
9780399156137
9780743276740
9780399156588
9780399156816
9780345516107
9780061706554
9780399156632
9781439136614
9780399157028
9781426840562
9780399155987
9781594488870
9781439169179
9780758210241
9780553907049
9780778326892
9781414311630
9780399156854
9780399156786
9780525951841
9780385344319
9781439133941
9780316036238
9781401324025
9780316069489
9780670022243
9780312651190
9780399155864
9780385342025
9780385524070
9780399155703
9780805087734
9780385514309
9780385518369
9780743299848
9780425229736
9780399156489
9780385343664
9780061988240
9780451229854
9780778327806
9780385526357
9780345471017
9780345495969
9780345511560
9781429962926
9780553805543
9780758212733
9780061655951
9780385532457
9780345500779
9780399155963
9780061231421
9780399155666
9781439165393
9780525951308
9781439107942
9780345506894
9780743294270
9780525950585
9780525951773
9780670021871
9780399156571
9780553807240
9781439128299
9780312595678
9780385531542
9780316043878
9780451463654
9781416550747
9780312605865
9781439159668
9780399155949
9780345518149
9781401323585
9780786952335
9780345509628
9780441017690
9780061161704
9781439150009
9780312380724
9781400065110
9780451462565
9780399155802
9780061239229
9780399155871
9780061230905
9780345501578
9780743292511
9781439128244
9780758212726
9780553804546
9780525951056
9780312368111
9780061246241
9780765322722
9780786949168
9780312385187
9780399155697
9780765317582
9781599951959
9780758211842
9780307346520
9781416562177
9780061348136
9780553805130
9780061560859
9780743437202
9781416597889
9780312351663
9780307272409
9780385524988
9781439192955
9780399156878
9780525951445
9781565125964
9781416550778
9781439152782
9780061836923
9780312591076
9781416549994
9780345506184
9780312591069
9780312368128
9780670019915
9780307377043
9780061236211
9780345501288
9780525950608
9780765324122
9780061969638
9780385343138
9780778328193
9780345486561
9780765315038
9780316076319
9780060175313
9780385341967
9780385343305
9780061926518
9781416533160
9780061468360
9780060852023
9781416537328
9780525950967
9780399156755
9781439150030
9780786955008
9780547318356
9780425230152
9781400043538
9780767926270
9780061351501
9780399155505
9780312368036
9781400066407
9781401323134
9780399156625
9780061702563
9780061432712
9780061432668
9780345501554
9780553807097
9780399155192
9780312368081
9780345507006
9781416594888
9780786949649
9780670020867
9781416598886
9781416563792
9780312368487
9781595542885
9780446510301
9781439156353
9780385341677
9780061351525
9780399157110
9780385340854
9780525951780
9780061239243
9780345511324
9780765326263
9780312611606
9780312614560
9780399156540
9780441018680
9781439107973
9780373773022
9781594487514
9780765315052
9780670021604
9781599951966
9780553807066
9780553807073
9780399156458
9781400068647
9781416533184
9780670021550
9780425234358
9780312303785
9781416583295
9780399155260
9781416550037
9780756405243
9780385516389
9780393041651
9780399155048
9780375422751
9780312533786
9780345500670
9781416593409
9780553807219
9781414318639
9780451462541
9780061727665
9780307454553
9780345505347
9780307454546
9780312663155
9780061122415
9781416589648
9780312370848
9781616200152
9780312674441
9780375714368
9780446549998
9780812981223
9781565125605
9780061537967
9781416586296
9781590204597
9781934137123
9780743296441
9781416550556
9780385343671
9780316067362
9780307387899
9781416562603
9780765315700
9781555974701
9780446691796
9780385342926
9780451224996
9780345494993
9780964729230
9780142001745
9780316018593
9781594481772
9780446698337
9780670038602
9780385338738
9780553386813
9780312429980
9780375708466
9780312421274
9781565129771
9781439149034
9780764205743
9781400078776
9780743294300
9780060852580
9780385342469
9780452296299
9780446561365
9780310266273
9780307474711
9780316043908
9780345479730
9780385344074
9781400030910
9780425233689
9780316068055
9780307454966
9780312348663
9780446199254
9780452295292
9781594743344
9780385341004
9780307278258
9780425227510
9780743294263
9781439158869
9781933372600
9781416580829
9780316067348
9780679766759
9781400062089
9780312537074
9780743454537
9780743290128
9780446199445
9780307454898
9780743496759
9781599956787
9780440241416
9780425219096
9780312368739
9781439102817
9780375708442
9780143115007
9780446547550
9780385342032
9780312642365
9780812971835
9780312380731
9780061807404
9780812973990
9780446561334
9780812980530
9780061340642
9780452289444
9780385720922
9780842387583
9780743496728
9780764203121
9780156031660
9780446581684
9780345495006
9780143037149
9780385522403
9780452295384
9780143034902
9780316018616
9780156029438
9780310266174
9780778326991
9780307473479
9780802170392
9781416560609
9781401309572
9780688046590
9780316168816
9780446567329
9781439136652
9780812975406
9780061578953
9780312606121
9780307277466
9780310318439
9780374299255
9780425230077
9780316113953
9780446562676
9780380731879
9780446564236
9780061374234
9780307455284
9781439169018
9780312422158
9780373285709
9780345497420
9780446565721
9780425219515
9780143114390
9780307387066
9780310266150
9780307456632
9781400030903
9780425223475
9780743296427
9780425229927
9781416549147
9780143115625
9780060988432
9781426837494
9780446698344
9780307276766
9780446561808
9780764205736
9781416563693
9781416583868
9780307740991
9780452287891
9780446501644
9780764207242
9781594744426
9780312428549
9781439148952
9780425236758
9781608196111
9780684843261
9780547055329
9780143116530
9780425232552
9780374139629
9780452296725
9780310266952
9780312656492
9780743496711
9780307388773
9780446570978
9780446698320
9780307476104
9780316086370
9780307476302
9780452296367
9780307386243
9780307346612
9780618792252
9780425226209
9780061240287
9780764206801
9780425226056
9780312541866
9780425236765
9780307454706
9781401341053
9780310266945
9781400072941
9780316921176
9780061578908
9780316012836
9780307276698
9780812980622
9781595547163
9781400075775
9780553386936
9781594480003
9780767931113
9780547086057
9780061350962
9780425229590
9780143118572
9780425234426
9780758211897
9780345499431
9780451225009
9780310266266
9780765356970
9780307476159
9780553591910
9780778329213
9780515148794
9780061231438
9780451231451
9780743479028
9781420111934
9781416566366
9780312587505
9780061138041
9780425238127
9780446564076
9780061247828
9780373281336
9780515149210
9781400079148
9780425238110
9780515144666
9780446179515
9780345485786
9780778326021
9780778325277
9780440243816
9780441009237
9781416537748
9780441016990
9780553804829
9780425220146
9780061690389
9780061149825
9780425224847
9780373285730
9780061245602
9780446198981
9780425224427
9781416552963
9780307472120
9780440246213
9780373774685
9780553589276
9780451412928
9780425236307
9781400078950
9780451229632
9780061827020
9781416595175
9780425236291
9780441018512
9780446561976
9781420111545
9780778328063
9780061474323
9780425236284
9780515148367
9780312945831
9780312383299
9780446556996
9780446539838
9780515148046
9780553591903
9781416586586
9781439145241
9780440243311
9780061231414
9781416525677
9780440244455
9780451228321
9780446570961
9780425235096
9780778327981
9780312605384
9780061728396
9780515148060
9780373774418
9780061491894
9780778328469
9780061579066
9781416549987
9780446536103
9780515146233
9780061160905
9780312368098
9780778326564
9780373285785
9781416570882
9780425227985
9780778326342
9781416524793
9780441017010
9780446539876
9780440244240
9780061236228
9780451226716
9780515145700
9780345500748
9780765349668
9780061438561
9781420101881
9780778326793
9780312377649
9780515145809
9780061583070
9780451225702
9780312937751
9781416505075
9780312944094
9780060833213
9780451225719
9780441010516
9780451229328
9780061985942
9780446539746
9780425233672
9780316074148
9780451228208
9780312934361
9780446567336
9780440243687
9780778327561
9780345495198
9780515147773
9780061703256
9781420106862
9781416570875
9780425233290
9780446618694
9781416524540
9780061474293
9780373285716
9781420101874
9780778325857
9780060876111
9780312949815
9780373773305
9780765354303
9780440244714
9780425224137
9780446615648
9780425216255
9780440243274
9780061354168
9781416525653
9780312349509
9780515144697
9781420101867
9780425222867
9780061083099
9780778324744
9780446199278
9780553589115
9780425222362
9780373285693
9781416548508
9781416523338
9780446618687
9781416527169
9780786950461
9780060765385
9780440244479
9781439157381
9780515146479
9781420104233
9780441012183
9781416550433
9780061491887
9780061230950
9781416543848
9781416525660
9781426835360
9780373285808
9781426835353
9780312349523
9780515144680
9780553588088
9780743491587
9780312947910
9780515144598
9780451222725
9780778325697
9780425221921
9780446618731
9780373285686
9781416543800
9780061178047
9780778324126
9780765354464
9780060876104
9780446618809
9780451207142
9780441013333
9780743458009
9780441014910
9780451225597
9780440245445
9780778327684
9780440243335
9780515147629
9780821779408
9780425234907
9780446401203
9780316044400
9780061344794
9781416580959
9780515147995
9780778327998
9780307278425
9780312946951
9780425226339
9780307473462
9780373773534
9781416593133
9780743437196
9780373285747
9780778326175
9780440243281
9780440244875
9780061143434
9781420103380
9780515145823
9780312938833
9780425226285
9780778327615
9780515147537
9780425232989
9780373774364
9780061583223
9780440243823
9780061795152
9780425232996
9780312946968
9781416524557
9780451229526
9780440244226
9780060598754
9780451226501
9780373285754
9780778326571
9780425226698
9780446539685
9780451462008
9780061173721
9780345495174
9780821779385
9780451226266
9780312945800
9781416514985
9780373773589
9781416567172
9780446199544
9780060899400
9780373773596
9780345510105
9780373773848
9780312368104
9780446536301
9781416595458
9781416586654
9781439130087
9780778326830
9780553591712
9780345511133
9780312942311
9780061795145
9780451228383
9780425230169
9781420103649
9780425231043
9780425230619
9780425231050
9780778328704
9780765365613
9780515148121
9780373774906
9780446618328
9780373774616
9780312605391
9780061795176
9780373774463
9781420106879
9780553584028
9780425234600
9780441016150
9780061227363
9780373773145
9780345497611
9780451223197
9781420102765
9780061456749
9780515145069
9780778325710
9780061235351
9780373773046
9780446198974
9780312368142
9780451228376
9781416565178
9781439167540
9781439187234
9780440242932
9780312945176
9780451224668
9780425222898
9780312368074
9780446618779
9781420103632
9780778325956
9780061118463
9780312947064
9780425224441
9780312945824
9780451229335
9780451462817
9780425233351
9781416550006
9780312357191
9780345469328
9780440244233
9780553591156
9781416525530
9780440245582
9780345502742
9780446198196
9780451224781
9780821780695
9780778325789
9780061374968
9780373773053
9780060527341
9781416505037
9780515145199
9780425222881
9780061246364
9780345465283
9781420100495
9780553591163
9780425231111
9780425231197
9780373773107
9780440242062
9781416509738
9780441017386
9780446401197
9781426838682
9780515146899
9780440243304
9781416505044
9780446198967
9781426838774
9781420100501
9780446544887
9781420104240
9781416595625
9780553587906
9780373774555
9780425228944
9780316051958
9780441015818
9780425228951
9780312994464
9781416563075
9781420102772
9780553589702
9780778327134
9780312948429
9780451224514
9780060540937
9780553588095
9780345502759
9781416597452
9780425233801
9780425233788
9780312368135
9780061348143
9781416599036
9780425223857
9780446581752
9780345484130
9780373772971
9780515144796
9780765351494
9780312945947
9781416551829
9781416547112
9780446536240
9780345485809
9780778327028
9780743437219
9780061138027
9780440244639
9780425231456
9780373285839
9780312942328
9780425231555
9780451228567
9780515147186
9780061083464
9780778327967
9780425238103
9780345486578
9780373774982
9780515144703
9780345502728
9780821780688
9780425221150
9780345486530
9780312949822
9780345503947
9781416594925
9780425230176
9780061667862
9780312351670
9780425239162
9780373776238
9780061929380
9780061894572
9780553591736
9780446561969
9780515148671
9780451231550
9780373285945
9780345517203
9780778328148
9780373774920
9781420111354
9780446557788
9780778327431
9781439192924
9780451229649
9780778328223
9780553593365
9780061236242
9780446556828
9780425233368
9780312383343
9781420100518
9780441018369
9781439123126
9780446556811
9781420110340
9780425235898
9780446561952
9780345505484
9780515148244
9781420101829
9780446561341
9781416563099
9780451232816
9780345520395
9781844167777
9780451231970
9780425223253
9780312945794
9780061449468
9780061474316
9781439153604
9781426840517
9780312947958
9780451228215
9780515147001
9780778328377
9780515146998
9780373285952
9781420106848
9780345495181
9780061243417
9780312942304
9780451231741
9780765341532
9780440243694
9780425237342
9780425237397
9780451229441
9781439155820
9780373285921
9781420111927
9780061246371
9780778327011
9780425229026
9780451227638
9780451228130
9781429929653
9780451227751
9780425220849
9780061245572
9780451412591
9780778327004
9780440244509
9780061626821
9781420106831
9780778326410
9780373773725
9780307387820
9780425228289
9780515146370
9780778327677
9780451229519
9780061579097
9780373774524
9780451229724
9780451229717
9780061230912
9780515147902
9780440244271
9780778328452
9780553591729
9780312946395
9780778326557
9780425231449
9780373774517
9780345520760
9780441018697
9780312576363
9780307476296
9780307476319
9780778328292
9780345500762
9780765344151
9781420106855
9780778327837
9780515147391
9780778327493
9781420104257
9780440245261
9780515147605
9780061351518
9780451228741
9781439107966
9780440246077
9780451412911
9780451230669
9780061558245
9781439175774
9780440244400
9780451230539
9780373775026
9780425237700
9780062018960
9780440243328
9780061795190
9781420109856
9780553592856
9781416565147
9780451412782
9780451226723
9780515146486
9780061583216
9780373773886
9780061626838
9780345502766
9780061667848
9780373773473
9780515146240
9781416537335
9780441017089
9780515146363
9780373773343
9780061474309
9780778326311
9780451226518
9780515146035
9780061230899
9780373773640
9780425226957
9780778326267
9780821779569
9780446402392
9780778327745
9780515147919
9780312949419
9780451412706
9780061667855
9780312937768
9780446199551
9781400095483
9780451412768
9781420108354
9781416595007
9780446618823
9780061894459
9780425232040
9780061673429
9780451228857
9781416547105
9780765366856
9780441019540
9780446616140
9780440243298
9780440242406
9781416547129
9780060734589
9780440243953
9780451221957
9780515144604
9780312368050
9781416537311
9780312939700
9780553591651
9780451223609
9780060746780
9781101081228
9780441018529
9781439153611
9780441017027
9780312947927
9780778326649
9781439167519
9780373773336
9780440244622
9781416580942
9780425228647
9780451226730
9780440245278
9780515148435
9780441019427
9780451225603
9780312947989
9780345503954
9780446406949
9780843960600
9780767928953
9780061958038
9780061344770
9780515145816
9780425226292
9780061239236
9780778328285
9780515148053
9780440245711
9780373774371
9780345509055
9780061344787
9780446199537
9780778326465
9780373773541
9780345477583
9780061243387
9780425224144
9781416566748
9780553591194
9780553804843
9780425238196
9781401310400
9780451226129
9780312947941
9780425237793
9781439167557
9780061783166
9780061626845
9780345521200
9780425235386
9781439153819
9780778328155
9780425236017
9780446673211
9780778325536
9780553589603
9780778325604
9780451229533
9781420102987
9780425235447
9780451230676
9780425233207
9780373774708
9780316074155
9781439157886
9781416560821
9780425224182
9780451225283
9781416566755
9780440244493
9780821780701
9780758210234
9780373772322
9780446547208
9780425226926
9780345520333
9780553592955
A00B00547KH66
9780062106544
A00B004M18ZRS
9780440245117
9781565125858
9780061758225
9780345529725
9781429985215
A00B0043M6J92
9780446547604
9780553897852
A00B0051PRFLQ
9781439112809
9780553897845
9780316127233
9780553801477
A00B005C50KA8
9781440697661
9780312383350
9780307739308
9781455527212
9780316211017
9781101636237
9781455574902
9781101636466
9780385537926
9781612130293
9781429963930
9780307588388
9780385536882
9780385350877
9780440339373
9781455520664
9780316055437
9781455554201
9780062199027
9781476727660
9780062304643
9781612130590
A00B00FVAKOY6
9780446583176
9780446571418
9781451617740
9780345526601
9780062060570
9780345527691
9780553897876
9780553900323
9781101536872
9781429987530
9780759525771
9780062049827
9780307596819
9780316098328
9780375714368
9780765327727
9780062072191
9781416586760
9781101535523
9780988573239
9780698185395
9780812997897
9780062311146
9780440335160
9780804178754
9780698161351
9781476746609
9781460380697
9780994054418
9781466874619
9781250020079
9781466850606
9780307594174
9781455586387
9781940285122
9780698152519
9780698186200
9781939996268
9781101513910
9780307593672
9780515149487
9781429904605
9780517580516
9780515149333
9780778329794
9780316069380
9780440246299
9780345521323
9780759514713
9781616200817
9781439186794
9780446573245
9781101513781
9780446573078
9780062079169
9781459201521
9780425232200
9780345535115
9781101598818
9780316341554
9780698180512
9780345527783
9781476746586
9781476709239
9780993800146
9780345544940
9780316408769
9781594634024
9780062425478
9780062320247
9780385542364
9780553391831
9781501110375
9780143108863
9780553393484
9781476738024
9781501150319
9780062499042
9781250069818
9780316284554
9780143130154
9781101988978
9781476758756
9781501132940
9780062434784
9781455520626
9780990317005
A00B00HYIF9FW
9780440246329
9780698175242
9780991379644
9781101615898
9780698140271
9780743298544
9781466842045
9780316211246
9780062088246
9780062101204
9781101602188
9780316248679
9781476749105
9780698148635
9780062336583
9780307588371
9780385351386
9780316211284
9781101128657
9781440653902
9781101617281
9780698163539
9781101597781
9780062311108
9781455520640
9781440631696
9781455521234
A00B00JG8FMT6
9781400079155
9781455517114
9780062135285
9781476717173
9780698164895
9781476789651
9780804139038
9781941229651
9781459247901
9781501100130
9780062409850
9780316334501
9780316408738
9781101664247
9781101946350
9780062320155
9781250020550
9780804137256
9781101875056
9780307459923
9780698154155
A00B00RZVNDSS
9780345539953
9780345539823
9781940218335
9780698138636
9781101621004
9781455521272
9780316225922
9780316210942
9781311179036
9781439157039
9780062250742
9780385539166
9781460309674
9780985547325
9781101620380
9781429997171
9781101621202
A00B00BUPMC8C
9781439149706
9781476712994
9781101611029
9780812984613
9781451668964
9780316128650
9781429960236
9780316097529
9780316230803
9780446573047
9780989078313
9781250025999
9781402258718
9780062294418
9780698146280
9780698191808
9781476783475
9780553418026
9780316225892
9780316337977
9780385539432
9780425280102
9781501111679
9781501110351
9780062325426
9781455525935
9780316349925
9781455520619
9781501116971
9781633500082
9781938786853
9781101600542
9780985547387
9780345546647
9781455546473
9780345530578
9781476751733
9781101637456
9781101625927
9780316206860
9780385537865
9781250029904
9781101608067
9780316211062
9781455582723
9781460317976
9781480441927
A00B00JG8FKO8
9780553392111
9781939673046
A00B00JBSJ4W2
9780979190919
9780307272300
9780385534130
9780316129114
9780307272119
9781416589648
9780307271341
9780316129183
9780425238691
9781439177013
9780345512505
9780553901139
9781101475690
9781101476543
9781400079148
9781429994262
9781426884269
9780307588364
9780345803481
A00B00A7EPCY8
9781455515530
9780399160455
9780316069441
9780156027328
9781455510535
9780385535144
9780316210690
9780062124265
9780385350280
9780345527745
9781439100530
9781612130613
9780062065247
9781476716695
9780316228534
9781455521227
9780316069502
9780345542908
9780062294371
9781101636497
9780345539656
9780316210928
9781101626276
9781101626368
9780345530936
9780316211116
9781460326992
9781250034472
9780061741241
9781429949620
9780062109590
9780698152427
9781101638835
9780812995756
9781459245990
9781101617267
9780345543103
9781609827885
9780698150171
9780698140738
9780345542984
9781455586417
A00B013CVOJEG
9780062379399
9780385539449
9781460391891
9781420135961
9780698404144
9780062429063
9780062435156
9780698410619
9780062008671
9781250072689
9781455588985
9780316407144
9781455520596
9780062106100
9781101604786
9781451617771
9780345803573
9780345530561
A00B00790TI0W
9781101585658
9780316097475
A00B006RUJST6
9781101587324
9781101585535
9780345528513
9781101578933
A00B00C9QORFW
9781101621219
9781250019974
9780316221252
9781476731544
9780385537131
9780812550702
9780316210911
9781455521319
9780399160479
9781455520657
9780553808032
9781101636428
9780553582017
9780385537858
9781476727653
9781594631764
9780425259856
9780312663155
9780446582636
9781101475713
9780553907537
9780553900866
9781101486108
A00B013CPIN1W
9780062385956
9780451418357
9780385538909
A00B01A1E8WO0
9781101965498
9780446401319
A00B013CVOGNU
9781614177821
9781455548996
9780062049629
9781101607718
9781476711102
9781460309681
A00B00BTJQZNC
9780988982901
9780062066275
9781460306390
9780385350082
9780062075833
9780446574242
9780307460202
9780812989076
9781466849624
9781466886155
9780994054425
9781250066633
A00B0182LT4L4
9780698190832
9780698195059
9780765325952
9781101609132
9780547416113
A00B00ANDLC6K
9781624300004
A00B00AOTGI08
9781101609149
9781250025975
9780062235756
9780812993813
A00B00AQ3K8IU
9781476717111
9780062255679
9780062073204
9781455546442
A00B00DULA3B2
9781101637197
A00B00DLC26OM
9781451628708
9781101604922
9780316211192
9781250020000
9781939962010
9780804177863
9780345538765
9781939392749
9781940941707
A00B00ZAQP6FI
9780345511621
9780062297686
9781101946343
9781455581177
9780345543257
9780698155633
9780374239213
9780385354295
9781101614341
9780804178785
9780804178846
9780804179638
9781419994418
9781466848900
9781455582310
9780345531025
9781501100079
9780316097437
9780062132567
9780698404861
9780446553957
9781476710785
9781451626155
9780385350075
9780316228589
9780985034160
A00B00DYVX8TM
9780385343848
9780307454553
9780307269997
9780385535137
9780307959850
9780399157318
9780060873028
9780446547659
9780425243213
9780446573030
9781451627282
9780316198738
9780553386790
9780399157868
9780399158025
9780345527714
9780316069397
9780316126694
9781426899980
9781484724941
9780698189317
9780698405127
9781455591749
9780698161474
9781466851894
9781476777955
9780345543189
9781101604915
9780345527752
9781301886081
9781101612231
9781301501953
9780062065261
9781101607008
9781455574490
9781460380543
9781466862609
9781101874288
9781101602362
9781466854222
9780062223920
9781940499192
9780316284561
9780804177474
9781101620366
A00B00BD9HOY2
9780307717115
9780812993806
9781938404504
9781250011015
9780985671952
9780345538819
9781101609163
9780385346849
9780316211185
9781101611012
9781476730103
9780345548498
9780345546890
A00B00L019TEG
9781630350284
9780316206914
9780698157217
9781451617801
9780062134691
9780345542946
9781476754468
9780385344432
9780679604891
9781101514382
9780373775804
9780345530165
9781429904629
9780062087966
9781459205307
9780062079534
9780316126946
9781101515037
9781459205239
9781101515259
9780316175579
9780440339915
9781459207691
9780061784781
9780312383312
9781459207684
9780345524386
9780553908114
9780451233165
9781439102725
9781101477670
9780440339885
9780061348150
9780316097376
9781101476161
9781429942218
9781459273702
2940013652019
9781459220300
9781101559963
2940012964205
9781451628623
9780385535250
9781451627305
9781101554272
9780547416212
9780316097413
9781439100523
A00B004T3RQQK
9780345527592
9781429959308
9780385532730
9780373776009
9780307378392
9780310266280
9780061727672
9781101486412
9780316097369
9781429965026
9780345521248
9781101536919
9780061977961
9780778312512
9780385534642
9781101547809
9780316097550
9780759525788
A00B0040JI3M4
9781451665604
9780553905656
9781455501489
9781420123128
9781401303914
9780307593498
9781439180983
9781420122480
9780062085313
9780525952060
9781426888878
9781466854239
9780062279408
9781466841680
9780802192509
9781101615003
9780345542960
9781594633669
9780698197732
9781501108556
9780399174117
9781460342787
9781501117008
9780547601205
9780698404229
9780345541413
9780804179652
9780307758989
9780698161481
9780698407466
9780316288729
9781101606377
9780451414137
9780345539854
9781455533237
9781460382073
9781476749136
9781460382103
9780698190856
9781420135954
9781455521289
9780983599357
9780385535311
9780988301320
9780812993851
9781101621172
9780345545848
9781250031808
9781439112823
9780698153462
9781460345795
9780345543868
9780698186057
9780698173064
9781926440125
9780698164635
9781420135947
9781926440132
9781501119798
9781501108570
9781466890404
9780698191266
9781453206362
9780062338310
A00B014X8XL1Y
9780062491794
9780385349741
9780062316073
9780698136786
9781455586462
9781501132933
9781451681765
9781250022127
9781942215493
9781101987988
9780345539984
9780698411449
9781101972977
9780062430236
9781101202951
9780399183973
9781101108987
9780440335184
9781484720349
9781101617274
9780345543240
9780698157705
9781455502547
9780804178761
9780698160576
A00B00NKPJDIW
9780399167447
9780061122415
9781101597163
9781420134971
9781455529773
9780316210843
9780345535696
9780345549433
9781460313121
9781628470352
9781455574872
9780307351937
9781460313213
9781101621196
9781101622452
9781101600559
A00B00C2GEJT8
9780440246312
9781101623848
9780553391893
A00B00UIPVOMK
A00B00UKLMFUC
9780698184435
A00B00S5B70BS
9780061750236
9780062220578
9781455581139
9781419993183
A00B00M8T7P86
9780525953098
9780062294814
9780345544025
9781781162644
9781439146958
9780778314462
9781455517077
9781250019653
9781460331224
9781928068112
9781460331187
A00B00JUC8DNK
9780062066299
9780062333049
9781250020031
A00B00IRGU5OU
9780062065797
9781101475867
9780373775552
9780778329428
9780446564328
9781439136805
9780061138065
A00B00S2TO9JY
9780698184350
9780307387684
9780062351517
9781455521166
9781501101564
9780786036585
9781476713137
9780446557634
9780062276940
9780345538895
9780316097383
9781459215238
9780440339359
9781439187203
9780440334866
9781101547656
9780374203054
9780307593313
9781429989305
9780345519528
9781599952604
9781459215177
9780062066046
9781501120602
9781942215363
9781459295360
9781101545782
9780143124542
A00B01BMKXYNQ
9781466867505
9781459295490
9781101990469
9781101602171
9781101607954
9781101614648
9780345535924
A00B008Y0J9OQ
9781938127250
9781250025920
9780345538659
9781439192337
A00B00B385VCU
9780345531032
9780316225885
9781455586424
9780698193666
9780312577223
9780345545978
9780385354288
9780399176760
9780316407045
9780547572482
9781609450786
9780345543066
9781938907975
9781476751726
9781429901345
9780062255655
9781476746562
9780062320070
9780698165786
9780345530967
9780062134721
9781476717142
9780743290067
A00B00L1HYMSW
9780698185357
9780316405409
9780698163478
9781451617498
A00B004LB5BR6
9781459213791
9781416563921
9780307957337
9781414365367
9780982618486
9780446574716
9781942215462
9780345546937
9781101904237
9781101984024
9781459294929
9780698187429
9780698193048
9780812998603
9781460395646
9781460346761
9781455561803
9781594634475
9780062381637
9780345545961
9780310427575
9781451642483
9781429969185
9780345527721
9780399157820
9780316194495
9780345527707
9781101548134
9780698190429
9781455536368
9780802190314
9781501110764
9781401686314
9780399175954
9781455559800
9780698180918
9781101989753
9780062270535
9780698410053
9781476714318
9780698140752
9780316329026
9780698157897
9781476754451
9781101618042
9780440246442
9780062132529
9780062066220
9781101559758
9781451606867
9780684867311
9780312364434
9781101529201
9780451463791
9780385340304
9780062072184
9780061753817
9780446565509
9781429959797
9780385343145
9781250022370
9781460311998
9781460311899
9781476746548
9781460311950
9780062200594
9780062204103
9781460311868
9781419940552
9781250022073
9781460338391
9780062106117
9780698140950
9780316235556
9781455529513
9780804178839
9781460338445
9781926440033
9781617735189
2940013042735
9781599951195
9780312651619
9780399157813
9781429962230
9780399157844
9780765321541
9780764206016
9781101529423
9780316192163
9781101547724
9780307946713
9780345526298
9780446583145
9781402261084
9781451621679
9780399157424
9780061961274
9780062049803
9780679605096
9780399157301
9780307454546
9781594204234
9781101636459
9781101617250
9781455549603
9781101618493
9781401305925
9780989668408
9781101552186
9780307959867
9781101517802
9781101566466
9781459218970
9781101553626
9780345532367
A00B0052U59F4
9781439149690
9780345532176
9780316206815
9781101560365
9780446542180
9781459222779
9781459222830
9781429938372
9780307454560
A00B005N0PJJO
9780758278227
9781460319550
9780062078155
9781460319567
9781455521098
9781101615362
9781476756530
9781630350000
9780385350402
9781455501526
9781455576425
9781455589906
9780698404175
9780812997613
9780062135308
9781455586486
9780698193611
9780698197008
9780062413871
9781250083272
9781310258299
9781942215394
9781250109316
9781501131103
9780804178792
9780062414236
9781101146057
9781451661552
A00B00D9A2NZ8
9780345526564
9780062132451
9781451635836
9780988301337
A00B00W6BY24Q
9781451617832
9780553391800
9780553392937
9781630350741
9780062325365
9780316407182
9781250027665
9780698190801
9780345534194
9780061752728
9781451642490
A00B004Q9TI54
9780312651282
9780062119483
9780345529299
9780316209557
9780446571852
9781101568934
9781101586945
9780446573009
9780679644385
9780316097482
9780316202473
9780062194909
9780698195660
9780062330260
9781476791654
9780316211147
9781936413782
9780698186170
9780547577531
9780385343176
9781429994897
9780316204255
9781460315064
9780985547349
9780345807106
9781476713359
9780316227186
9780345539489
9781101623893
9781455578351
9781460330197
9780804179645
9780698193277
9781451650044
9780062409874
9781616203948
9780525952589
9780061807589
9781429951135
9780062097118
9781939996237
9780698140301
9781101886779
9781466878853
9780698140769
9780062132574
9780698190849
9780698156098
9781101608562
9781101543559
9781401304706
9781429944687
9781455501533
9781101591437
9781101600535
9781101600238
9781101600207
9780446576468
9780440339366
9781101517062
A00B008NIJK9I
9780345509109
9780553593686
9780441020317
9780316408998
9780345531063
9780679644644
9781455586431
9780385531399
9780759507913
9780062422262
9780804179669
9780399173516
9781101569436
9780996117111
9780698406421
9780698180543
9780399176609
9781101968109
9780345507846
9781455546312
A00B0071XO8RA
9781623420154
9781476713144
A00B00CLXL4HW
9780062292117
9780061938740
9781451649376
A00B016TO0AOG
9780062351425
9780698152045
9780698191938
9780692527771
9781101580714
9780385536080
9780345526533
9781455511150
9781101580363
9781101584910
A00B005L9B5YU
9780345527738
9780345538161
9781101580776
A00B0052VUNHC
A00B009FG00N2
9781101598535
9780345536037
9780345531599
9780062066268
9780525952923
9781459241244
9781429989138
9781459211735
9781459211841
9780062096265
9781101543603
9780062066190
9780553391930
9780345549631
9781937608491
9780062316059
9781420136043
9781459292413
9781617732171
9781101636510
9781460323762
9780316211024
9780307351487
9780345544933
9780698154117
9781938127540
9781942215035
9781101597767
9780316376099
A00B00O13WW1W
9781455529537
9780698150164
9780345548412
9780989450249
9781938127397
A00B00IER9DK4
9780991127351
9780615955032
9780062184740
9780385351867
A00B00J436CN8
9780062124289
9780062225450
9781101621011
9780062405630
9780061980244
A00B01KSW4QJA
A00B00LAI2SV0
9780062410177
9780553392685
9781455581238
9780345459527
9781942295082
9780345541802
9781466867833
9781476778013
9780345495303
9780698154162
9780316055444
A00B00VNAB1MW
9780062267917
9781630350208
9780758280398
9781476756561
9781460327043
9780062300157
9781941824016
A00B00HERLSLC
9781250099631
A00B01FT4OAUW
9781942215479
A00B01GJ5LT0O
9780553392692
9781250121011
9780698195677
A00B00WFGUQ4W
9781455591237
9781101605219
9781476793757
9780345542939
9780698186699
9780345544056
9780062418487
9780062371836
9781101965474
9781101884355
9781455533244
9780698186163
9780812998689
9780698176188
9781420136661
9780307911575
9781250027948
9780307956378
9781101560006
9781101577295
9781419939044
A00B006ZBRMOU
9780778313106
9780698407107
9781466887206
9780698192874
9780698197756
9781459294035
9781459293892
9780062319180
9781101624876
9780345545855
9781250031921
9780985547363
9781460316481
A00B00DFNF98W
9781460316498
9781455576470
9781476779287
9781101875957
9781942295501
9781459294141
9780062200631
9780804179676
9780804177641
9780316290050
9781466872929
A00B01CF9YVSA
9781460394137
9781420140644
9781501107481
9780425285374
9781101946626
9780062379443
9780446554008
9780062000125
9781476717005
9781451640250
9781101609248
9780345545220
9781455546343
9780062078124
9780345532619
9780062316875
9780345526595
9781466845268
A00B00KFUJX58
9781451640267
9780990317012
9780698187009
9781455559381
9780062343284
9780345541383
9780698161443
9780062194923
A00B00M9ISBAW
9781476753195
9780553392432
9780553391145
9780385352109
9780062228154
9781451647044
9781414381855
9781938127366
9781101592663
9781476718217
9781101619650
9780307599575
9781101514665
9780385536073
9780679604228
9781420128444
9780062194862
9781101585009
9780804180672
9780345541833
9780698152007
9780993721694
9781476759593
9780345535917
9781101612941
9780345545947
9781311437068
9781460334539
9780062491817
9781501128004
9780316274029
9780316403443
9781455568130
9780735221093
9780316261159
9780698164598
9780553391749
9781449474256
9780385349758
9781455520701
9780446573023
9781439193068
9781429957861
9781101608524
A00B008NGFLPC
9781569479827
9780345533586
9780345523495
9781476712055
9780345537102
9781101560389
9780679644682
9780062101020
9780307595119
9781429987608
9780446576000
9780440423317
9780307474711
A00B01EIJC2U4
9780316317542
9781250010728
9780994054432
9781617732294
9780062448057
9781460395929
9781459294943
9781942295839
9780062349057
9781460395950
9780399162923
9781455518371
9780385536837
A00B009LBO334
2940044990906
9781619213791
A00B00A45PY8E
9781460390153
9780061779787
9781476758824
9781460384060
9780804177498
9781250022097
9780062349033
9781942215219
9780698148529
9780804176675
9780062199348
9781101602607
9781476729107
9780062302397
9780698136922
9780062294760
9781455576524
9781101615881
9781101620984
9780759528338
9781476717531
9780345535788
9780316199896
9781101606636
9780375507250
9781476770383
9780062065414
9781455525904
9780698144545
9781460343401
9781250027689
9781501103698
A00B00OVJKMTU
9781633500020
9780345544926
9781939962546
9780062325341
9781476776088
9781476763125
9780698196605
9780698185364
9781466870932
9780062328977
9781939996398
9781455525881
9780399574337
9780735220911
9781440635861
9780345539694
9780991379606
9780440337973
9780670024780
9780316207027
9780987375285
9780316369862
9780698148451
9781101987513
9780062297730
9781476749280
9780345531094
9780316361521
9780374280024
9781250022134
9780698166608
9780399183997
A00B01LYRXJ0I
9780698157521
9780385542074
9781451626162
9780385539715
9780698155626
9781455556564
9780804176712
9780062356017
9780698140745
9780062099068
9781101561171
9781101561157
9781451617085
9781429987059
9780425241134
9781101620403
A00B00E40F64M
A00B00DJB6KE2
9781459245952
A00B00CYNGPTG
9780345543325
9781616202439
9781101624258
9780062121776
9781101601006
9781451649963
9781429948449
9781101633533
9780698148185
9781455525782
9780698164628
9781429974127
9781477875568
A00B00SQILV1A
9781451650105
9780698136946
9781460332962
9781460332955
9781101580424
9780316097574
9781459226920
9781455510184
9781451658903
9780062119377
9780345534637
9781429952514
9781460380413
9780804179621
9780062316011
9781250034502
9781460380406
9781455588817
9781940218380
9780698186682
9780345535955
9780062197962
9781250015273
9781419940330
9781459237766
9781101608531
9781451674606
9780698146402
9781466854215
9780698157156
9781420135183
9780399173349
9781101580394
9781429952934
9781451668933
9781429954020
9781101987759
9781476783505
9780345544964
9781101871362
A00B01L87ZZMG
9781455520695
9780316403436
9781942288091
9781455504398
9781439180969
9780399157264
9781459230057
9780062069139
9780062072917
9781459230040
9781451626148
9780446547642
9780399158612
9780345509222
A00B004MYFSD4
9781101544389
9781439149942
9780385337519
9780446564441
9781101584927
9780778313175
9781401304669
9781926440064
9781926440088
9780062333063
9780812993875
9781476779737
9781101543474
9780446554985
9781451620696
A00B0052YFNFQ
9780345528223
9780310427551
9781101608548
9781401322786
9781101581520
9781420131000
9781101581438
9781101614785
A00B00JXW6GFE
9780991379620
9780446565844
A00B00LD6IYUS
9780316317146
9781942834182
9780698409774
9781501129742
9781476789378
9780062573063
9780316290197
9780698197770
9780062448033
9780425280119
9780316375153
9780345533494
9780061738098
9781459281967
9781101621042
9781942295099
9780062333087
9780698403871
9780316233682
9780307483041
9780440339809
9780988393509
9780316228558
9781101603499
9781419940491
9780316204248
9780062011848
9780451234919
A00B00U1X88OQ
9780992278984
9781460381809
9781420133875
9781476703015
9781416563914
9781507060469
9780062190376
9780345533487
9781439163092
9781101602102
2940015586626
9781250018120
9780345534897
A00B009FHSYSY
9781400068326
9780345511362
A00B01F1476OC
9780307270641
9781101598832
9781501130441
9780698191822
9780062414212
9780698161245
9780698411326
9781466802636
9781101580899
9781459225657
9781101576977
9781416539209
9780345532343
9780062096609
9780062049575
9780310427599
9780399176807
9781250082824
9780373789832
9780553392784
9781101621745
2940148592525
9781466826274
9780679643913
9781620401408
9780988986220
9780989078375
9780985034191
9781476751740
A00B00FYYPKMU
9781938127359
9781101635650
9781455525850
9780062107312
9781426899355
9781476763705
9780345543141
9780061950728
A00B00OQABJBO
9781476728209
9781938127892
9780385541923
9780812996081
9781466862616
9780997215106
9781250088123
9780062434777
9780698195073
9781101611579
9780307960481
9780062200297
9780399185281
9780698197763
9780385537049
A00B01F3BYKTW
9780553391848
9781250092410
9780316361644
9780812998610
9781429942515
9780062073174
2940011285769
9781451648157
9781101565797
9781101572528
9781101554289
9781439177020
9780446564359
9781419939136
9780515150636
9781429942324
9781455586455
9780399175961
9780515154122
9780698410657
9780743288781
9780316317122
9781937608514
9780698190740
9781439168035
9781476762081
9780451464392
9780698144095
9781101637753
9780698146631
9780679604235
9780679644163
9780062132536
9781250019684
9781401304720
9781476718989
9781101608555
9780061493348
9781594487361
9780547543864
9781101600214
9780316210683
9781455516049
9781416595212
9780345803504
9780345803498
9780425274866
9781940218403
A00B00XB7J2EO
9781942295334
9781101590898
9781101517680
9780758279590
9781466801981
9780345533562
9781250014276
9781101561232
9780345531056
9781466862678
9781942215356
9780345548528
9781420139013
9780698197749
9780345539755
9780062389442
9781416563228
9781401394769
9780805090031
9781451628180
9781429949033
9781451664157
9781476783482
9781455536900
A00B01M9BU7A1
9780698152670
9780997426229
9781250075581
9780812997842
9780345535627
9781451650082
9781101617007
9780062096272
9780310333647
9781459233188
9781459233171
9780345536785
9780345807168
9781940218090
9780989108188
9781940218113
9781940218083
9780698150157
9780062207524
9781630350079
9781476759555
9781419939754
9781101587379
9781459234536
9781459234529
9781455503704
9780062078087
9781455536917
9780399573965
9781451687569
9781942833284
9780385541206
9780374712242
9781466887336
9780316251310
9781937608538
9781455521142
9781476745039
9780062078094
9781429945080
9781101544433
9781101544440
9781459213845
9781459213852
9780062116758
9781451643145
9781420125887
9780316261128
9780062319210
9780385353779
9781429949835
9780698195028
9781101146286
9780440339748
9780778329312
9780316037914
9780446577892
9781101486092
9781590204597
9781101476925
9780778329251
9780316122252
9780345529206
9781426834103
9781451628005
9780778312710
9780060548940
9781429995658
9781250029959
9780698136779
9780993752780
A00B00XEZ19OE
9780698405905
9781451693614
9780698164468
9781466862661
9780778317661
9780399167454
9780553391701
9780698411678
9781101638477
A00B00OVG6HFG
9781476770406
9781455559350
9781455560837
9780345522757
9781459273382
9780698183605
9780307962522
9781101623503
9781451628296
9781402270598
9780670014897
9780547548791
9780786958429
9781439172803
9781466845282
9781476709055
9781466872912
9780698161214
A00B00WJ00T6E
9780759520127
9780385531412
9780062190413
9781459254824
9780062277022
9780062419002
9781101883068
9781455584987
9781466881501
9780698187221
9781460384015
9781420136067
9781460382271
9781940887913
9780698193031
9781476735610
9781420106343
A00B00CR6Q5HM
A00B00CR43UXG
A00B01DIE5R3Y
9781451687545
9781455586790
9780062220622
9780062388155
9780061797767
9781459292529
9781617734618
9780804170710
9781460328613
9781459213234
A00B00IX9UTLU
9780345549860
9781426898075
9781460328637
9781466842038
9781460328651
9780441019731
9780399157042
9780525952022
9780756404734
9780385343831
9780307273567
9781455546299
9781460318065
9781101625132
9781439112830
9781466834705
9781439199374
9781625010957
9780316210966
A00B00OO4WLNM
9780385537148
9780399173356
9780804180931
9780553391923
9781501131226
9781501106477
9780062328946
9781439160121
9781459292475
9780812996098
9780698192973
9780698196247
9781101882528
9780062339539
9780804177917
9781476755663
9781101624913
9780062136602
A00B00DQC67EW
9780988707498
9780062065407
9780307378408
9780440246305
9780061779749
9780062098061
9780440339823
9780062250964
9781101589182
A00B013CW2LMW
9781476745077
9780345545374
9780451464408
9780698154087
9780698170674
9780553394382
9781250020536
9780698159815
9781476710815
9780062072955
9780062312495
9780698180567
A00B00Q6JAL76
9780345545886
9780062075826
9780345536778
9780345449436
9780698407978
9780698406513
9781101967065
9780062390776
9780812996500
9780062371843
9781420139037
9780307341556
9781594204999
9781439165348
9781441238221
9781476791463
9781420133158
9780698169678
9780062200303
9781476753171
9781414384771
9781455557288
9780062098085
9780385538268
9781250036148
9781101615751
9781455599509
9780553392722
9780062312518
9780345541864
9781466847743
9781101618752
9781460340240
A00B00NOCBOUG
A00B00I88BUTQ
9781501104428
9781250020062
9781940921266
9780553419894
9780991418268
A00B00YUR6BUM
9780698180536
9780778317494
9781101628904
9780698192096
9780698156104
9781101616697
9781455582679
9780345535535
9780804180429
9781101602614
9781460334577
9780345547514
9781633500013
A00B00K8HWYOA
9781476766737
9781420130140
9780698157279
9781426898761
A00B00RSL6G2K
9780990317074
9781101626863
9781250020017
9781101638002
9780698135529
9781455576661
9781426887635
9780307595164
9780061957659
9780062110855
9781250019813
9780988210899
9781617731242
9781451650099
9781451636949
9781460320891
9781460320976
9780804178617
9780345539687
9780062072931
9781451647068
9781101635988
9781630350024
9781101602225
9781476751412
9780698148161
9781630350147
9781101595701
9781101612491
9780062294791
9781101636350
9781622664764
9781455599158
9781420134957
9781476756684
9780062339393
9781101874080
9781940941776
9781101885574
9780345546920
9780061796784
9780316276405
9780316360593
A00B01GNLNGZU
9780345531100
9781466867277
9781460394359
9780316317153
9780759527881
9781101966945
9781460390191
9781250020093
9780698175778
9781420134988
9780062316035
9780698138001
9781460390924
9781460390207
A00B01EGIKZVU
9781466887213
9780399583292
A00B01FWPZQRY
9780307477477
9781429920162
9781101524398
A00B00TUXIF9G
9781455517169
9780698157514
A00B00TCQPCN8
9781466840966
9781101545928
9780345511348
9781938127595
9781451687514
9781476776101
9780698191785
9781101638460
9780316410960
9781101636220
9780802191830
9781101589809
9781429985352
9781426887642
9780698144088
9781460325278
9780062075840
9781429984379
9780307700476
9781101552223
9780553573404
9781101553664
9780425263914
9780316214582
9781451647020
9780345535962
9781459244375
9781455599264
9780985003784
9780345533531
A00B00C0X6LG2
9780804188982
9780698190733
9781466870031
9781939996343
9780698164055
9781466840959
9781451664164
9781420127959
9781101636480
9780615523774
9781476727240
9780062132383
9781101583753
9781250019844
A00B00PKTN7SI
9780804170734
9780679645115
9780440339816
9780988210882
9781101615867
9780345545527
9780385351409
A00B00FLG5B9S
A00B00FIOBPC0
9781451684780
9781455549016
9781476755632
9781101624685
9780812994636
9781455599141
9780307908148
9780062107336
9780345523525
9781101609279
A00B00BLBK1QK
A00B00VS3K6IY
9780698180529
9781501101571
9781101612989
9781101599983
9781420131994
9780062194916
9781460315156
9780062066282
9781420134964
9781101609507
9780698139350
9781250029928
9780062270207
9780698170285
9781476756592
9781400065677
9780345464248
9780307960504
9780698138285
9780316126953
9780385349970
9781101606599
9781633500044
9780698164048
9780307271037
9780698184633
9780759524927
9781429960632
9781416563891
9781926440095
9781940218366
9781476777979
9780698163003
9780553394931
9781939996190
9781439153185
9781938786945
9781400065943
9781616201258
9780698144101
9780374187613
9780698158726
9780743446570
9780062312471
9780553391626
9780698148178
9781101598795
9780399171352
9781451628319
9781476709208
9780692214848
9781939962447
9781476775951
9780985034153
A00B00BEQP450
9780062235183
9780698156081
9781101602232
9781419993619
9780062289247
9780345530998
A00B00O0CY3LQ
9780307911551
9780698184947
9781459256477
9780307962539
9780307756961
9780553906547
9781455559817
9781941824023
9780399573934
9780316360623
9780062390752
9781455559503
9780062347275
9781101902578
9780062371850
9781310232152
9781476777993
