038504884X
0515041602
0440182611
0930330935
1555534007
0786705035
0452011876
1842322761
0375701230
068566144X
0451015789
0553235206
0312033567
0316290602
0671814524
0940322196
0451008685
0394756967
1583220089
0718208110
0316253502
1564782603
1556526016
0881841412
0316626597
0767908198
0304352411
0340026065
0316955132
9997409124
0452269563
0140123466
0316181749
1559210354
1568582463
0892440384
0394448146
0143039024
006013495X
0812810147
0451194004
8203847080
0310241634
0061145394
0679736638
0449213447
9997406249
0340105267
0030624401
0316955108
0829423508
1844080366
0671753282
0877956537
006075186X
0671827634
0316767727
8493388335
1842322540
0571203132
9997403479
0142000655
044631076X
1557501734
0285636049
9997410602
0060529342
1568491182
0449204146
0855948817
0449244717
1596542292
0881841722
0385333846
0679725229
0380011719
1577361814
0099399016
0451205766
0802135447
0451075412
0060541814
075150792X
0413563707
0099478439
0380010070
0451171357
0854562206
070660427X
9997403460
0375760377
0061120081
0688117228
0881842710
1585670162
0679739041
0807119466
0450006476
2266127748
1564783197
0349109974
0002218178
0241906121
9997408039
0815602324
0060956704
0333084640
0684830493
0848809815
1580800467
0006136729
1842323474
0316252964
1842322516
0884962865
1555832903
0060548258
0099478331
0380017601
0449459330
0671824716
0385036019
0374529949
0449203697
038531387X
0374525323
0394756975
0007203942
0515041475
0787104736
0385010303
044920572X
9997499808
0449208958
044991190X
1585673692
0425176088
0810115905
0394465822
0394751019
0553271989
1556525761
0811216705
0425067823
0374519994
0743278909
1560258594
0517223007
1199796158
0316769177
0451010213
1558534318
0449912515
0099478447
0758205376
999740629X
0899661041
9997410270
0385042493
0684818957
0395957753
0884115259
0848828070
1453218475
0375708774
0671584006
0060088915
0881842672
0395073685
0877955492
0330400207
1590170342
0937548642
9997408950
999751937X
0375726810
1591140935
9997410343
1941493025
0006154018
0394714121
0679735976
1554887925
0749386975
0679745572
0786705213
0671810510
9997519329
1559212144
0899682782
0140019367
0385422229
033032778X
1599880008
067973385X
155652644X
0449209911
5557019367
0892440546
0523409168
0449206513
951015542X
0330487833
0887391567
0671800841
081297848X
0385010281
0394751051
0312043066
0802135196
0440184622
0374529388
1568496427
0316626422
0860686620
0316253510
0316766941
0553244221
0449912167
0449213870
0060502959
0060124350
1557504466
088001654X
080326013X
1480430463
0440174244
0451134567
0451078993
0440164176
0007154925
0718109260
0440183480
0679768084
0141181362
0394756983
9997406575
1842321528
0393084779
0451078616
0892837004
0679731210
0553244833
0449019942
1860468144
0881845973
068485256X
0449911659
0440226708
0829421238
0143039482
0553241605
0802131786
014025241X
0094529809
0394442520
0765351463
1842324276
045101877X
0523009542
0671798200
1556111924
0802135455
0752858637
0394485289
0385334206
0670304484
1857994477
0586088997
0060548266
009928555X
0440104017
067150097X
0006157513
0316252999
0829421289
0375726829
0671874896
0241913004
0709031106
0671781065
0441137857
0765351129
0340839902
0445030011
0449205622
0345470389
1400031044
0316952664
0316111740
0143039008
0802134297
037572706X
0226264165
0142003271
0618224890
0060747471
1125718722
0553258478
039460430X
9997557700
0553227882
0393318672
0679774386
0690183488
0874412838
0966304403
1558820213
045103080X
0449202208
0891901051
1568491514
1568493789
0375760385
0807120324
0941308103
0670704822
193131327X
0304364657
080712334X
1568495560
0689706111
0404113702
9997518365
0317279254
0449911934
0451200187
0061007226
0553266306
000616434X
1903402662
0449213048
0553117696
0375726845
0394483162
0143039946
1562080016
0449201392
9997413393
0848820312
0850464757
0140042598
0440124557
0854566945
067178756X
0553121693
1841192627
0060092572
0440215811
0441860389
1560254556
0330200461
055320694X
0450013936
0316769029
0002216345
0451021940
9997499743
0767913477
0395929733
0060528877
0571225462
0156372088
0449912434
0451025660
0140174249
3776623349
0317279076
0285635522
0803298412
0850467624
0333089626
0515080837
0812967380
0140162119
1568494475
0850315204
0449229165
9997519310
0434890154
0892440015
082942122X
0575002654
0684844648
0385043929
0670790206
014007337X
0394488830
0060088923
0375708731
0425104273
0749320680
0007111487
0449209423
1877838098
0394427920
0142003255
0425030016
0434890286
0671822780
0449206505
0380454017
8476408838
0440186080
0451026659
0812971353
0848822838
0451094557
0316955175
1559210559
1556524900
0070024413
0141186372
9997409469
1568490259
0316713902
0679741925
0340717521
0316290467
0006135129
0316323713
0151904707
0671788973
0143039474
0822207826
0394724135
186046596X
0385062443
0684132796
0441052908
0248983865
0553257382
0802130836
0226393747
0060795484
0316926302
0671818244
0099324512
0855944870
0395665132
2070371220
1125979488
1558615164
0912946873
0440167361
0449213536
0385054270
0061148512
0312243111
1842323008
0451013727
0837130603
0670719447
0664300340
0807124788
0451051955
0743253426
0020238304
0890961859
0892440201
0141185732
0449912493
0718101324
0141186054
0316252980
0425049930
0142002186
0394701844
159017058X
0803289189
0440405793
0449214486
0143039199
0451014073
1590171241
0156539055
9997406346
0156167743
1556526180
0773524975
0312155883
0785926313
0140153209
0671617672
0786706821
1570900833
0380607239
0671823272
0006127606
0395139392
0374249407
0141188057
0679720227
0451016459
0671811991
0891903550
0330323997
1559210222
0451138295
0812969820
0743482972
0099463539
0451022572
0380820749
0792719220
0226677141
0940322293
0811209644
0064410935
0451010000
0340937602
0374529493
1566475139
1842321579
0143039571
0316289299
0425176363
0316253537
0434859001
1602390177
0142437298
0060973617
0316955124
0060124202
0743431707
0586023968
0891908331
1842321439
0393008320
0385333765
0679764178
0884118797
0380598655
155652532X
0670596086
0374529264
0425031829
0940322994
0451184130
000612609X
067103894X
0375700706
0007115237
0374475105
0099466872
1844083209
0140019464
0529053926
0451037790
0449214540
006074748X
0425073726
0434859079
0899662161
0855945710
0449209512
080711927X
1852900024
0451017633
0450015386
0094530009
0786717505
0340128771
0786705248
5412190
0091037107
0449210138
0701130458
0865470561
0891760083
0767915852
0140189424
0671808982
0679745653
0060931906
1844080307
0449214729
0006161413
2868696600
1842323512
0743445007
0848803752
0385240864
0786706376
999741103X
037550835X
1842431498
1400095417
1569802629
0671809873
0670671576
0877972281
0151434034
0060539259
0491000545
0440405823
0340043091
0006164331
0743452380
0091220602
0316290637
1416542841
0091232902
0552039756
0679732764
0345215885
0449204286
0304361887
0241906865
0960967400
0449232182
0394702824
1448201217
0224606859
0385054548
0312968981
0859972321
0142437832
0156529408
0837161819
9997407350
0099483505
081288163X
0002218151
0807120677
1568494874
0316253596
0813191556
0930330803
1556526598
0060085495
1400098025
0345215168
0874517443
0679730427
0002213958
0385082762
999740923X
075316096X
0140184937
1842322834
0143035290
0434301140
0440105129
1448205727
0548386978
0394751043
0671808990
0552078727
0374516316
0451146581
0449221547
9997406621
0805207783
1842322893
0449235661
2702108474
0375726756
0425031578
1596872543
0722158068
0879238631
9997512685
1842323016
0394439597
0140153225
0380820757
1842323245
1883642809
0141023422
0972429549
0829421564
0449231933
0440119170
0515079197
0432031006
1903155177
085617985X
0671780166
0553236652
0140022007
0816633703
044945102X
0140154418
0837162815
0099470470
0060956860
0395298466
0316926205
0449912256
068911947X
1590172329
0316783552
1555536697
0679736409
0416006116
0548390207
0892440759
0449229777
0863076955
0394438558
0425045714
0891902309
0316296198
0811212491
0837167779
1890434078
0449237575
0143039970
0671874985
0380006421
055306780X
0679759255
1596542853
0856175218
0434890251
0141185260
9997412621
0802137954
0140123482
0451071387
0684863545
074326195X
0099285096
0881841447
0394415655
014200328X
0670736074
0671783882
155152211X
045101068X
0515078646
0312966687
0899667589
0385040970
0141186585
0971461236
1455617326
184158066X
0449211231
0807121614
0821409808
0436285517
0345358821
0375726764
0061137391
0375701893
0670778001
1883642817
0140019626
0316253006
0586053433
0449912442
1883642698
9997411854
0894370308
0891903534
1872730159
0446896454
0393085996
0316513490
0393310329
0736602429
0749000309
0938077015
0553281003
0449214230
0070601909
0571058000
0099595494
0394450825
1400031052
0099289989
0156252333
0811209660
0451528239
0884110710
0812813588
014016930X
0394481739
0151569401
0802137962
0345468236
1502311410
0345215796
0854565213
1586420208
0816160295
0374521026
1559212748
081120202X
0837137284
9500427451
156649124X
0698103270
0491001770
0803297688
0755105036
0450040135
0375714189
0330202448
0006127266
0156126303
0822205521
0685239306
0684825848
0701105720
0451200527
0091082307
0449240304
0006161227
155863049X
1564782662
0863221858
045101832X
0099504189
0860685780
0141183721
0825515459
044944998X
0345206274
1883642396
0002219077
0156729156
0918769035
0002218534
089190123X
0821739425
0312155441
1596541369
0436070901
0140153195
0553292609
0140039635
0786466901
1842321447
0375700390
1590171616
0316289418
1572331348
0330281534
1539649083
0884110699
0451033329
0679740791
0156027879
0451217411
1888952296
0446891649
0553129198
1888952288
0375756701
0425193209
0812974921
015603297X
3499136287
0671899589
0156026988
0345420179
0425195481
0425144372
0425125467
9953299005
045052468X
1565125606
0060735058
0449213781
1888952520
0425120430
1581825374
0064401480
1888952121
1888952113
0615974058
0553712802
1591841038
0307277674
0553381547
0440202310
042510429X
0061239534
1400097037
0810932652
0446195529
1439164630
0316098337
030726999X
0312600844
0316038393
0525951768
0399157077
0399157212
0446577898
0553807722
0399156836
052595192X
0385528043
0399155341
0399156844
0670022179
1402785925
031603617X
0399157239
0316166294
0316018724
141659485X
0060393491
0307270777
1439115303
1416545182
0553807137
0446533424
0446579939
0399155295
0385340990
1439129177
0307264238
0441016383
0316068047
0446195502
0061374229
0743270428
039915583X
0312593317
0316089516
0399156828
0374158460
006185929X
0312546564
1439102392
0399156763
0425236595
0670022047
0765326353
0385523211
0385532350
1414334095
044654759X
0312652917
1416563105
1400066034
0446562424
0345504968
044658083X
055380801X
0441018645
0061961175
1451608217
0385341970
0399156534
0312383304
0385340583
1439184305
1439133611
0385343167
0399156437
0446539813
0312554168
1439101078
0399156496
0425234339
0307266109
0399155678
0061733148
0441017150
044654695X
0778326438
045122857X
0316018767
0446580295
0399155716
1439138311
0547273428
0312567243
0385526342
1594202176
1416570861
0375424490
0399155783
0312359322
034550075X
0399155171
0805087729
0399155163
039915521X
0441015891
142720599X
0307269752
0670020486
0399155473
0316032220
0399156275
0399156194
0345505670
0345509080
0374299048
0399156259
0061779725
052595158X
1400068932
0316036226
0385533411
0312380755
0446563080
080211928X
0670021474
0385504225
044101819X
0743296435
0758225644
0399155279
1416549129
0778325911
044657788X
1416565116
0688163181
0061474096
0375425136
054705484X
1416550402
1400064759
1401301614
0385341636
0399155155
0765312948
0312348673
1416548521
0060746769
0743281640
0399155031
0553804332
0451224507
0316018708
141654383X
0765315017
0345501535
0061537934
0385524064
0743290119
0399154914
0385492723
0312349513
0670018856
0312383282
0446539821
0553807234
0399155848
0553807145
0060837381
1416586571
0061231401
0316018775
0525950923
1400067111
0316166308
0061438456
0399155651
1401340903
0385528701
0345509129
1416549978
1594489580
0312341814
0385517882
1400066026
0553807056
0385515049
0385524285
0399154981
0399154973
006123088X
0399155007
0385340567
0425222195
0385340265
0060548924
0345485793
0307265730
0399156208
0061138037
0312364121
0307269981
0399156119
0312567456
0307271862
031258749X
0061257079
0399156240
0061147958
0399156232
0758234899
0385343183
042523567X
0060590319
0316018740
0385517831
0312364105
0375414495
0312343558
0805082166
0385524927
0316007021
0385523998
0061578916
0061257052
0441016766
0670020419
1416585834
030726579X
0316065781
0446550000
0446547565
0307394972
0399155481
0743296419
0399155406
1427206031
0739328247
0385515510
0061138010
0345505085
0399155414
1416591478
0399155392
0061143448
0758210221
006124340X
0739377388
0805080686
0399155953
0765302306
0060852577
044655815X
1401394760
0345517199
1439148503
1416595163
0385521383
0316166316
0446195510
1416586288
1400063841
0399156399
0385533136
006194100X
0345497929
034551548X
0385501129
0805087745
0316096156
1416586598
1400065453
0446554960
0061629758
0316036277
0446564087
1439156336
034550898X
0385341954
0446539864
0061624764
0385342047
0061782424
0061558222
0399156909
0399156917
0312323573
0312362153
0399155023
0385524943
1416595619
0765304961
0345495934
0399155228
0316059862
0345495136
0451463153
0345505336
0061128899
0312369727
1594488584
0345509064
0345495144
034546933X
0399155422
031236847X
0399155333
1416563067
0451462289
0345497627
1416571663
0778325776
0446579823
0425223434
0345499026
0374299102
0743294386
0345484142
0399156380
0739328662
0441017835
1439172773
0739328468
0385340273
0373773781
0425227723
0307393860
0425227731
0307271560
0061558230
0451462904
1594202249
0440338786
0316072621
0399155910
1416563687
1439166234
0345509188
0399156046
0743294297
1401394531
038541305X
1429935669
0375414967
0525950575
1416563083
0373774591
0061930210
0345509145
1429983760
0399155686
1101081449
0061702323
034551677X
0345486544
0312367996
0061230944
0385340257
0316018600
0679456805
0525950974
0385341059
0061246263
1400065747
0399156461
1439187312
1439172269
0061160881
1439170258
0312368151
0399156445
1400069262
045146317X
0375424504
0061227331
0446527874
1400063973
0375504338
1594489505
0399155058
0312354630
0399155139
0061929379
0553807153
0399155996
0345505476
0316071900
039915597X
0451463528
0307272583
0399156747
0399156801
0345484177
1416563725
0061160873
0060829850
1416566384
0399154183
0778325504
0446195979
0385342454
0375409289
1400064945
0399156011
0385528779
1439158908
0399155937
0316071749
0679403930
0375425144
0399156429
0312377037
052595161X
1594489769
0399156267
0525951652
1439138656
1439192561
0765325942
0765323966
0446573647
0316020729
0670022128
0345505492
039915714X
034550920X
1400065933
141659518X
0765317680
1416565159
0553804863
0399156127
0060888741
0316018783
0399156135
0743276744
0399156585
039915681X
0345516109
0061706558
0399156631
1439136610
0399157026
142684056X
0399155988
1594488878
1439169179
0758210248
0553907042
0778326896
141431163X
0399156852
039915678X
0525951849
0385344317
1439133948
0316036234
1401324029
0316069485
0670022241
0312651198
0399155864
0385342020
0385524072
0399155708
0805087737
0385514301
0385518366
0743299841
0425229734
0399156488
0385343663
0061988243
0451229851
0778327809
0385526350
0345471016
0345495969
0345511565
1429962925
0553805541
0758212739
0061655953
0385532458
0345500776
0399155961
0061231428
039915566X
1439165394
052595130X
1439107947
0345506898
0743294270
0525950583
0525951776
0670021873
0399156577
0553807242
1439128294
0312595670
0385531540
0316043877
045146365X
1416550747
0312605862
1439159661
0399155945
0345518144
1401323588
0786952334
0345509625
044101769X
0061161705
1439150001
0312380720
1400065119
0451462564
0399155805
0061239224
0399155872
0061230901
0345501578
0743292510
1439128243
0758212720
0553804545
0525951059
0312368119
0061246247
0765322722
0786949163
0312385188
0399155694
0765317583
1599951959
0758211848
0307346528
1416562176
0061348139
0553805134
0061560855
0743437209
1416597883
0312351666
0307272400
0385524986
1439192952
0399156879
052595144X
1565125967
1416550771
1439152780
0061836923
0312591071
1416549994
0345506189
0312591063
0312368127
0670019917
0307377040
0061236217
0345501284
0525950605
0765324121
006196963X
0385343132
0778328198
0345486560
0765315033
0316076317
0060175311
0385341962
0385343302
0061926515
1416533168
0061468363
006085202X
1416537325
0525950966
0399156755
1439150036
0786955007
0547318359
0425230155
1400043530
0767926277
0061351504
0399155503
0312368038
1400066409
1401323138
0399156623
0061702560
0061432717
0061432660
0345501551
0553807099
0399155198
0312368089
0345507002
1416594884
0786949643
0670020869
141659888X
1416563792
0312368488
1595542884
0446510300
1439156352
0385341679
0061351520
0399157115
0385340850
0525951784
0061239240
0345511328
0765326264
0312611609
031261456X
0399156542
0441018688
1439107971
0373773021
1594487510
076531505X
0670021601
1599951967
0553807064
0553807072
0399156453
1400068649
1416533184
0670021555
0425234355
0312303785
1416583297
0399155260
1416550038
0756405246
038551638X
0393041654
039915504X
0375422757
0312533780
0345500679
1416593403
0553807218
1414318634
0451462548
0061727660
030745455X
0345505344
0307454541
0312663153
0061122416
1416589643
0312370849
1616200154
0312674449
0375714367
0446549991
0812981227
0061537969
1416586296
159020459X
193413712X
0743296443
1416550550
0385343671
0316067369
0307387895
1416562605
076531570X
1555974708
0446691798
0385342926
045122499X
0345494997
0964729237
0142001740
0316018597
1594481776
0446698334
0670038601
0385338732
0553386816
0312429983
0375708464
0312421273
1565129776
1439149038
0764205749
1400078776
0743294300
0060852585
0385342462
0452296293
0446561363
0310266270
0307474712
0316043907
0345479734
0385344074
1400030919
0425233685
0316068055
0307454967
0312348665
0446199257
0452295297
1594743347
0385341008
0307278255
0425227510
0743294262
143915886X
1933372605
1416580824
0316067342
0679766758
140006208X
0312537077
0743454537
0743290127
0446199443
0307454894
0743496752
1599956780
0440241413
0425219097
0312368739
1439102813
0375708448
0143115006
0446547557
0385342039
0312642369
0812971833
0312380739
0061807400
0812973992
0446561339
0812980530
0061340642
0452289440
0385720920
0842387587
0743496728
0764203126
0156031663
0446581682
0345495004
0143037145
0385522401
0452295386
0143034901
0316018619
015602943X
0310266173
0778326993
0307473473
0802170390
1416560602
1401309577
0688046592
0316168815
0446567329
1439136653
0812975405
0061578959
0312606125
0307277461
0310318432
0374299250
0425230074
0316113956
044656267X
0380731878
0446564230
0061374237
0307455289
1439169012
0312422156
0373285701
0345497422
0446565725
0425219518
0143114395
0307387062
0310266157
0307456633
1400030900
0425223477
0743296427
0425229920
1416549145
0143115626
0060988436
1426837496
0446698342
0307276767
0446561800
0764205730
1416563695
1416583866
0307740994
0452287898
0446501646
0764207245
1594744424
0312428545
1439148953
0425236757
1608196119
0684843269
0547055323
0143116533
0425232557
0374139628
0452296722
0310266955
0312656491
074349671X
0307388778
0446570974
0446698326
0307476103
0316086371
0307476308
0452296366
0307386244
0307346617
0618792252
0425226204
0061240281
076420680X
0425226050
0312541864
0425236765
0307454703
1401341055
0310266947
1400072948
0316921173
0061578908
0316012831
0307276694
081298062X
1595547169
1400075777
055338693X
1594480001
0767931114
0547086059
0061350966
0425229599
0143118579
0425234428
0758211899
0345499433
0451225007
0310266262
076535697X
0307476154
0553591916
0778329216
0515148792
0061231436
0451231457
0743479025
1420111930
1416566368
0312587503
0061138045
0425238121
0446564079
0061247820
0373281331
0515149217
1400079144
0425238113
0515144665
0446179515
0345485785
0778326020
077832527X
0440243815
0441009239
1416537740
0441016995
0553804820
0425220141
0061690384
0061149829
0425224848
0373285736
0061245607
0446198986
0425224422
1416552960
0307472124
0440246210
0373774680
055358927X
0451412923
0425236307
1400078954
0451229630
0061827029
1416595171
0425236293
0441018513
0446561975
142011154X
0778328066
0061474320
0425236285
0515148369
0312945833
0312383290
0446556998
044653983X
0515148040
0553591908
141658658X
1439145245
0440243319
006123141X
141652567X
0440244455
0451228324
0446570966
0425235092
0778327981
0312605382
006172839X
0515148067
0373774419
0061491896
0778328465
0061579068
1416549986
0446536105
0515146234
0061160903
0312368097
077832656X
0373285787
1416570888
0425227987
0778326349
1416524797
0441017010
0446539872
0440244242
0061236225
0451226712
051514570X
0345500741
0765349663
0061438561
1420101889
0778326799
0312377649
0515145807
0061583073
0451225708
031293775X
1416505075
0312944098
0060833211
0451225716
0441010512
0451229320
0061985945
0446539740
0425233677
0316074144
0451228200
031293436X
0446567337
0440243688
0778327566
0345495195
051514777X
0061703257
1420106864
141657087X
0425233294
0446618691
1416524541
0061474290
037328571X
1420101870
0778325857
0060876115
0312949812
0373773307
0765354306
0440244714
0425224139
0446615641
042521625X
0440243270
0061354163
1416525653
0312349505
051514469X
1420101862
0425222861
0061083097
0778324745
0446199273
0553589113
0425222365
0373285698
1416548505
1416523332
0446618683
1416527168
0786950463
0060765380
0440244471
1439157383
0515146471
1420104233
0441012183
1416550437
0061491888
0061230952
1416543848
1416525661
1426835361
0373285809
1426835353
0312349521
0515144681
0553588087
0743491580
0312947917
0515144592
0451222725
0778325695
042522192X
044661873X
037328568X
1416543805
0061178047
0778324125
0765354462
0060876107
0446618802
0451207149
0441013333
0743458001
0441014917
0451225597
0440245443
077832768X
0440243335
0515147621
0821779400
0425234908
044640120X
0316044407
0061344796
1416580956
0515147990
077832799X
0307278425
0312946953
0425226336
0307473465
0373773536
1416593136
0743437195
0373285744
0778326179
0440243289
0440244870
006114343X
1420103385
0515145823
0312938837
042522628X
0778327612
0515147532
0425232980
0373774362
0061583227
0440243823
0061795151
0425232999
0312946961
141652455X
0451229525
0440244226
0060598751
045122650X
0373285752
0778326578
0425226697
0446539686
0451462009
006117372X
0345495179
0821779389
0451226267
0312945809
1416514988
0373773587
1416567178
0446199540
0060899409
0373773595
0345510100
0373773846
0312368100
044653630X
1416595457
1416586652
1439130086
0778326837
0553591711
0345511131
0312942311
0061795143
0451228383
0425230163
1420103644
0425231046
0425230619
0425231054
0778328708
0765365618
0515148121
0373774907
0446618322
0373774613
0312605390
0061795178
037377446X
1420106872
0553584022
0425234606
0441016154
0061227366
0373773145
0345497619
0451223195
1420102761
0061456748
0515145068
0778325717
0061235350
0373773048
0446198978
0312368143
0451228375
1416565175
1439167540
1439187231
0440242932
0312945175
0451224663
0425222896
0312368070
0446618772
1420103636
0778325954
006111846X
0312947062
0425224449
0312945825
0451229339
0451462815
0425233359
1416550003
0312357192
0345469321
0440244234
0553591150
141652553X
0440245583
0345502744
0446198196
0451224787
0821780697
0778325784
0061374962
0373773056
006052734X
1416505032
051514519X
0425222888
0061246360
0345465288
1420100491
0553591169
0425231119
0425231194
0373773102
0440242061
1416509739
044101738X
0446401196
1426838689
0515146897
0440243300
1416505040
044619896X
1426838778
1420100505
0446544884
1420104241
1416595627
0553587900
0373774559
0425228940
0316051950
0441015816
0425228959
031299446X
1416563075
142010277X
0553589709
0778327132
0312948425
0451224515
0060540931
0553588095
0345502752
141659745X
0425233804
0425233782
0312368135
0061348147
1416599037
042522385X
0446581755
0345484134
0373772971
0515144797
0765351498
0312945949
1416551824
1416547118
0446536245
0345485807
0778327027
0743437217
0061138029
0440244633
0425231453
0373285833
031294232X
0425231550
0451228561
0515147184
0061083461
0778327965
0425238105
0345486579
0373774982
0515144703
0345502728
0821780689
0425221156
0345486536
0312949820
0345503945
1416594922
0425230171
0061667862
0312351674
0425239160
0373776233
0061929387
0061894575
0553591738
0446561967
0515148679
0451231554
0373285949
0345517202
0778328147
0373774923
1420111353
0446557781
0778327434
1439192928
0451229649
0778328228
0553593366
0061236241
0446556823
0425233367
0312383347
1420100513
044101836X
1439123128
0446556815
1420110349
0425235890
0446561959
0345505484
0515148245
142010182X
0446561347
1416563091
045123281X
0345520394
1844167771
045123197X
0425223256
0312945795
0061449466
0061474312
1439153604
1426840519
031294795X
0451228219
0515147001
0778328376
0515146994
0373285957
1420106848
0345495187
0061243418
0312942303
0451231740
0765341530
0440243696
0425237346
0425237397
0451229444
1439155828
0373285922
1420111922
0061246379
0778327019
0425229025
0451227638
0451228138
1429929650
0451227751
0425220842
0061245577
0451412591
0778327000
0440244501
0061626821
142010683X
0778326411
0373773722
0307387828
0425228282
0515146374
0778327671
0451229517
0061579092
0373774524
045122972X
0451229711
006123091X
0515147907
0440244277
0778328457
055359172X
0312946392
0778326551
0425231445
0373774516
0345520769
0441018696
0312576366
0307476294
0307476316
0778328295
0345500768
0765344157
1420106856
0778327833
0515147397
0778327493
142010425X
0440245265
0515147605
0061351512
045122874X
1439107963
0440246075
0451412915
0451230663
0061558249
1439175772
0440244404
0451230531
0373775024
0425237702
0062018965
0440243327
0061795194
1420109855
0553592858
1416565140
0451412788
0451226720
051514648X
0061583219
0373773889
006162683X
0345502760
0061667846
0373773471
0515146242
1416537333
0441017088
0515146366
037377334X
0061474304
0778326314
0451226518
051514603X
0061230898
0373773641
0425226956
0778326268
0821779567
0446402397
0778327744
0515147915
0312949413
0451412702
0061667854
0312937768
0446199559
1400095484
0451412761
1420108352
1416595007
0446618829
0061894451
0425232042
0061673420
0451228855
141654710X
0765366851
0441019544
0446616141
0440243297
0440242401
1416547126
0060734582
0440243955
0451221958
0515144606
0312368054
1416537317
0312939701
0553591657
0451223608
0060746785
1101081228
0441018521
1439153612
0441017029
0312947925
0778326640
1439167516
0373773331
0440244625
1416580948
0425228649
0451226739
0440245273
0515148431
0441019420
0451225600
0312947984
0345503953
0446406945
0843960604
0767928954
0061958034
006134477X
0515145815
0425226298
0061239232
0778328287
0515148059
0440245710
0373774370
0345509056
0061344788
0446199532
0778326462
0373773544
0345477588
0061243388
0425224147
1416566740
0553591193
0553804847
0425238199
1401310400
0451226127
0312947941
0425237796
1439167559
0061783161
0061626848
034552120X
0425235386
1439153817
0778328155
0425236013
0446673218
0778325539
0553589601
0778325601
0451229533
1420102982
0425235440
0451230671
0425233200
0373774702
0316074152
143915788X
1416560823
042522418X
0451225287
1416566759
0440244498
0821780700
075821023X
0373772327
0446547204
0425226921
0345520335
0553592955
None
0440245117
1565125851
0061758221
1429985216
0446547603
0553897853
1439112800
0553897845
031612723X
0553801473
1440697663
0312383355
0307739309
031621101X
1455574902
0385537921
142996393X
0307588386
0385536887
0385350872
0440339375
1455520667
0316055433
147672766X
1612130593
0446583170
0446571415
1451617747
0345526600
0345527690
055389787X
0553900323
0759525773
0062049828
0307596818
0316098329
0765327724
1416586768
0988573237
0698185390
0812997891
006231114X
0440335167
0804178755
1250020077
1466850604
0307594173
1455586382
1940285127
0698186206
1939996260
0307593673
0515149489
1429904607
0517580519
0515149330
0778329798
0316069388
0440246296
0345521323
0759514712
1439186790
0446573248
0446573078
0062079166
0425232204
0345535111
031634155X
034552778X
1476746583
0345544943
031640876X
1594634025
0062425471
0062320246
0385542364
0553391836
1501110373
0143108867
0553393480
1476738025
1501150316
0062499041
1250069815
0316284556
0143130153
1476758751
1501132946
0062434780
1455520624
0990317005
0440246326
0991379640
0743298543
1466842040
0316211249
0062088246
1476749108
0698148630
0307588378
0316211281
1101617284
0698163532
0062311107
1455520640
145552123X
1400079152
1455517119
0062135287
1476717176
1476789657
1941229654
1501100130
0062409859
0316334502
0316408735
1101946350
0062320157
1250020557
0804137250
1101875054
0307459926
0345539958
0345539826
1940218330
0698138635
1101621001
1455521272
0316225924
1439157030
0062250744
0385539169
0985547324
1429997176
1439149704
1476712999
0812984617
1451668961
0316128651
142996023X
0316097527
0316230804
0446573043
0989078310
0062294415
1476783470
0553418025
0316225894
0316337978
0385539436
0425280101
1501111671
1501110357
0062325426
1455525936
0316349925
1455520616
1501116975
163350008X
1938786858
145554647X
0345530578
0316206865
0385537867
0316211060
1455582727
1460317971
1480441929
0979190916
0307272303
0385534132
0316129119
0307272117
030727134X
0316129186
0425238695
1439177015
0345512502
0553901133
1429994266
1426884265
030758836X
0345803485
1455515531
0399160450
0316069442
0156027321
145551053X
0385535147
0316210692
0062124269
0385350287
0345527747
1439100535
1612130615
0062065246
1476716692
0316228532
0316069507
0345542908
0062294377
0345539656
0316210927
0316211117
0061741248
0812995759
1459245997
0698150171
0698140737
0345542983
0062379399
0385539444
1460391896
0698404149
006242906X
0062435159
0698410610
0062008676
1250072689
1455588989
0316407143
1455520594
0062106104
1451617771
0345803574
034553056X
0316097470
0345528514
1250019974
0316221252
1476731543
0385537131
0812550706
0316210919
1455521310
0399160477
1455520659
0553808036
0553582011
0385537859
1476727651
159463176X
0425259854
0446582638
0553907530
0553900862
006238595X
0451418352
0385538901
1101965495
0446401315
1614177821
1476711100
0988982900
0062075837
0446574244
0307460207
0812989074
1466849622
1466886153
1250066638
0698190831
0765325950
0547416113
1624300006
0062235753
1476717117
0062073206
1455546445
1451628706
0316211192
125002000X
1939962013
1939392748
034551162X
0062297686
1101946342
1455581178
0345543254
0374239215
0385354290
110161434X
080417878X
1466848901
145558231X
1501100076
0316097438
0062132563
1451626150
0316228583
0385343841
0385535139
0307959856
039915731X
0060873027
0446547654
0425243214
1451627289
0316198730
0553386794
0399157867
0399158022
0345527712
0316126691
142689998X
0698405129
1455591742
1466851899
1476777950
0345543181
0345527755
0062065262
145557449X
1466862602
1101874287
1466854227
1940499194
0316284564
0804177473
0307717119
0812993802
1938404505
1250011019
0985671955
0345538811
0345548493
034554689X
1630350281
1451617801
0062134698
0345542940
1476754462
0385344430
0679604898
0373775806
0345530160
1429904623
0062079530
0316126942
0316175579
044033991X
0061784788
0312383312
0345524381
0553908111
0451233166
1439102724
044033988X
0061348155
0316097373
1429942215
1451628625
0547416210
0316097411
0345527593
1429959304
0385532733
0373776004
030737839X
0310266289
0061727679
0316097365
1429965029
0345521242
0061977969
0778312518
0385534647
0316097551
0759525781
0553905651
1401303919
0307593495
1439180989
1420122487
006208531X
0525952063
0062279408
1466841680
0802192505
0345542967
1594633665
1501108557
0399174117
146034278X
1501117009
0547601204
069840422X
0345541413
0307758982
0316288721
0451414136
0345539850
1460382072
1476749132
1420135953
1455521280
0385535317
0988301326
0812993853
1439112827
1460345797
0345543866
1501119796
1501108573
1466890401
1453206361
0062338315
0062491792
0385349742
0062316079
1455586463
1501132938
1451681763
1250022126
1942215495
0345539982
0698411447
1101972971
0062430238
0399183973
0440335183
1484720342
1101617276
0345543246
0804178763
0698160576
0399167447
145552977X
0345535693
1628470356
0307351939
0440246318
0553391895
0061750239
0062220578
1419993186
0525953094
0062294814
1781162646
1439146950
0778314464
1455517070
1460331222
1460331184
0062066293
0062065793
0373775555
0778329429
044656432X
1439136807
0061138061
0307387682
0062351516
1455521167
1501101560
0446557633
0345538897
1459215230
0440339359
1439187207
0440334861
0374203059
0307593312
0345519523
1599952602
0062066048
1501120603
1942215363
1459295366
0143124544
1466867507
1459295498
1101990465
1938127250
034553865X
1439192332
0345531035
0316225886
1455586420
0312577222
0345545974
0385354282
0399176764
0316407046
0547572484
1609450787
0345543068
1476751722
1429901349
0062255657
0345530969
0743290062
0698163478
1451617496
141656392X
0307957330
1414365365
0446574716
1942215460
0345546938
1101904232
1459294920
081299860X
1460395646
1460346769
1455561800
1594634475
0062381636
0345545966
1429969180
0399157824
0345527704
0698190424
1455536369
0802190316
1501110764
1401686311
0399175954
1455559806
0698180917
1101989750
0062270532
1476714312
1476754454
1101618043
044024644X
0062132520
0062066226
1451606869
0684867311
0312364431
045146379X
0385340303
0062072188
0061753815
0446565504
1429959797
0385343140
1476746540
0062200593
0062204106
0062106112
0698140958
0316235555
1455529516
0804178836
1617735183
1599951193
0312651619
0399157816
1429962232
0399157840
0765321548
076420601X
0316192163
0307946711
0345526295
0446583146
140226108X
1451621671
0399157425
0061961272
0062049801
0679605096
0399157301
1594204233
1101636459
140130592X
0307959864
0345532368
1439149690
0345532171
0316206814
0446542180
1459222776
1459222830
1429938374
0307454568
1460319559
1476756538
0385350406
1455576425
145558990X
0698404173
0812997611
0062135309
145558648X
069819361X
0698197003
1250083273
1942215398
1250109310
1501131109
0804178798
0062414232
0345526562
0062132458
1451635834
0988301334
1451617836
1630350745
0316407186
0345534190
006175272X
1451642490
0312651287
0062119486
0345529294
0316209554
0446571857
0446573000
0679644385
0316097489
0316202479
0062194909
0062330268
0316211141
1936413787
0547577532
0385343175
1429994894
1460315065
0985547340
1476713359
0316227188
1455578355
1460330196
0804179646
1451650043
0062409875
1616203943
0525952586
0061807583
1429951133
0062097113
1939996236
0698140303
1101886773
0062132571
069819084X
1401304702
1429944684
1455501530
0446576468
0440339367
0345509102
0553593684
0441020313
0316408999
034553106X
0679644644
1455586439
0385531397
0759507910
006242226X
0804179662
039917351X
0996117113
0698406427
0399176608
1101968109
0345507843
1455546313
0061938742
1451649371
0062351427
0698152042
069252777X
0385536089
0345526538
1455511153
0345527739
0345538161
0345536037
0345531590
0062066269
0525952926
145924124X
0553391933
0345549635
1937608492
0062316052
1420136046
1459292413
1617732176
1460323769
0316211028
0307351483
0345544935
1942215037
0345548418
0989450244
0062124285
0062405632
0061980242
0062410172
0553392689
1455581232
0345459520
1942295081
1466867833
1476778019
0345495306
0316055441
0062267914
0758280394
1476756562
1460327047
0062300156
1250099633
1942215479
0553392697
1250121019
1476793751
0345542932
0345544056
0062418483
1455533246
0812998685
1420136666
1250027942
0778313107
1466887206
0698197755
1459294033
1459293894
0062319183
0345545850
0985547367
1460316487
1460316495
1476779287
110187595X
1942295502
1459294149
0062200631
0804179670
0804177643
031629005X
1466872926
1460394135
1420140647
1501107488
0425285375
1101946628
0062379445
1476717001
1455546348
0062078127
0345532619
0062316877
1466845260
1451640269
0990317013
1455559385
0062343289
0698161440
0062194925
0553392433
0385352107
1451647042
1414381859
1476718210
0307599574
0385536070
0679604227
0062194860
0345541839
1476759596
034554594X
0062491814
1501128000
031627402X
031640344X
1455568139
0316261157
0553391747
144947425X
0385349750
1455520705
0446573027
1439193061
1429957867
1101608528
1569479828
0345533585
0345523490
1476712050
0679644687
0062101021
0307595110
044657600X
0440423317
0316317543
1250010721
161773229X
0062448056
1460395921
1459294947
1942295839
0062349058
1460395956
0399162925
1455518379
0385536836
0061779784
1476758824
1460384067
080417749X
1250022096
0062349031
1942215215
006219934X
0062302396
0062294768
0759528330
1476717532
0316199893
0375507256
1476770387
0062065416
1455525901
0698144546
1250027683
1501103695
0345544927
0062325345
1476776083
1476763127
1466870931
0062328972
1939996392
145552588X
0399574336
0440337976
0670024783
0316207020
0062297732
1476749280
0345531094
0316361526
0374280029
1250022134
0385542070
0698155629
1455556564
080417671X
006209906X
1451617089
0425241130
1459245954
0062121774
1451649967
1101633530
1429974125
1451650108
1460332962
1460332954
0316097578
1455510181
1451658907
0062119370
0345534638
1429952512
146038041X
080417962X
1250034507
1460380401
1455588814
1940218381
0345535952
1250015278
0698146409
039917334X
1429952938
1451668937
1429954027
1476783500
034554496X
1101871369
1455520691
0316403431
1942288093
1455504394
1439180962
0399157263
1459230051
0062069136
0062072919
1459230043
1451626142
0446547646
0399158618
0345509226
1439149941
0385337515
0446564443
0778313174
081299387X
0446554987
1451620691
0345528220
031042755X
1401322786
1420131001
0446565849
0316317144
1942834187
1501129740
1476789371
0062573063
031629019X
006244803X
042528011X
0316375152
0061738093
1459281969
1101621044
194229509X
0062333089
0316233684
0307483045
0316228559
0062011847
045123491X
0992278988
1460381807
1476703019
1416563911
0062190377
0345533488
143916309X
0345534891
1400068320
0345511360
0307270645
1101598832
1501130447
0062414216
0698411323
1466802634
1459225651
1416539204
0345532341
0062096605
0062049577
0310427592
0399176802
125008282X
0373789831
0553392786
1466826274
0679643915
1620401401
0988986221
1476751749
1455525855
0062107313
1426899351
1476763704
0061950726
1476728208
1938127897
0385541929
0812996089
1466862610
0997215100
1250088127
0062434772
030796048X
0062200291
0385537042
0553391844
1250092418
031636164X
0812998618
0062073176
1451648154
1439177023
0446564354
0515150630
1429942320
1455586455
0399175962
0515154121
0743288785
0316317128
1937608514
0698190742
1439168032
0451464397
0698146638
0679604235
1401304729
1476718989
0061493341
1594487367
0547543867
0316210684
145551604X
141659521X
0345803507
0345803493
0425274861
1940218403
1942295332
0758279590
0345533569
1250014271
0345531051
146686267X
1942215355
0345548523
1420139010
0345539753
0062389440
1416563229
0805090037
1451628188
1429949031
145166415X
1476783489
1455536903
0997426225
1250075580
0812997840
0345535626
0062096273
0310333644
1459233174
0345807162
0062207520
1476759553
1459234537
1455503703
1455536911
1451687567
1942833288
0385541201
0374712247
1466887338
0316251313
1937608530
1455521140
0062078097
1451643144
1420125885
0316261122
0062319213
0385353774
142994983X
044033974X
0778329313
0316037915
0778329259
0316122254
0345529200
1426834101
1451628005
0778312712
0060548940
1250029953
1451693613
1466862661
0778317668
0399167455
0553391704
0698411676
1476770409
1455559350
0345522753
0307962520
1451628293
0670014893
0547548796
0786958421
1439172803
1466845287
147670905X
1466872918
0759520127
0385531419
0062190415
1459254821
0062277022
0062419005
1101883065
1455584983
146688150X
1460384016
1420136062
1940887917
1420106341
1451687540
145558679X
0062220624
0062388150
0061797766
1459292529
1617734616
0804170711
1460328612
0345549864
142689807X
1460328639
1466842032
0441019730
0399157042
0525952020
0756404738
0385343833
0307273563
1460318064
1466834706
143919937X
1625010958
031621096X
038553714X
0399173358
0553391925
1501131222
1501106473
0062328948
1439160120
1459292472
0812996097
1101882522
0062339532
0804177910
0307378403
044024630X
0061779741
0062098063
0440339820
0062250965
0345545370
0451464400
0698154088
055339438X
1250020530
1476710813
0698180569
0062075829
0345536770
0345449436
1101967064
0062390775
081299650X
0062371843
1420139037
0307341550
1594204993
1439165343
1441238220
1476791465
1420133152
1455557285
006209808X
038553826X
1455599506
0553392727
0062312510
0345541863
1466847743
1101618752
1460340248
150110442X
0778317498
0698192095
0698156102
0345535537
0804180423
1460334574
1633500012
0698157273
1426898762
0990317072
1455576662
0307595161
0061957658
0062110853
1250019818
1451636946
1460320891
0804178615
0345539680
0062072935
1630350028
1476751412
1630350141
1420134957
1101874082
1940941776
1101885572
034554692X
0061796786
0316276405
0316360597
0345531108
1466867272
1460394356
0316317152
0759527881
1101966947
0698138007
146039092X
1466887214
0307477479
1429920165
145551716X
0698157516
0345511344
1938127595
1476776105
0802191835
1429985356
1460325273
030770047X
0553573403
0425263916
0316214582
1451647026
0345535960
1459244370
0345533534
080418898X
1466870036
1939996341
1466840951
1451664168
1420127950
1476727244
0062132385
1250019842
067964511X
0440339812
0988210886
0345545524
0385351402
1451684789
1455549010
0812994639
006210733X
1501101579
1101612983
0062194917
1460315154
1420134965
1101609508
1400065674
0345464249
0307960501
1633500047
030727103X
0759524920
1429960639
141656389X
1940218365
1476777977
1439153183
1938786947
1400065941
0374187614
0743446577
0062312472
1101598794
1451628315
1476709203
0692214844
1939962447
1476775958
0985034157
0062235184
0698156080
0062289241
1459256476
0307756963
0553906542
1455559814
0316360627
0062390759
1455559504
0062347276
1101902574
0062371851
1476777993
B01BH7CLA6
B0067F6WWM
B004P1JFIS
B003V8B5XO
B0035JEPAO
B001UFP4SM
B00699QULE
B004Z1GBEO
B00K04NWL0
B000FC1GPG
B009NL76FE
B005O7VFF8
B00OQSF5XE
B00CLVB9JW
B004JN0FCM
B016XE7FCC
B00G3L138I
B00T5PI5Z8
B00B06NAAA
B01BCEPO58
B009NLFJ80
B0060AY8UW
B00YTFTAA8
B0018ND8AC
B0073GUME8
B001BC5HXG
B00WGF42A6
B00OPJW8S4
B0041D8478
B00H6JHM68
B006N0L5E6
B00QP3RP0O
B00I0BSYCM
B003XVYLDU
B004KABDPM
B00866Q388
B003WUYR8Q
B0022Q8CSC
B017A24T5M
B005K161GG
B007UH4EPS
B00840CXAS
B00HRHE2FS
B00BE24V8U
B00K0OI42W
B013JQM7E8
B00ERTF0PU
B00D185Z1C
B000FC0SH8
B01EYTVPNS
B003WUYOYS
B00B03G48S
B00MO0N36M
B01E2Y789U
B0081BTNOY
B005UCVVA6
B007357A58
B00K04NWMY
B00HUTVFY4
B014RGH39I
B001LOEG1S
B00OPJW8QQ
B008EXK09Q
B00A1M5EIA
B006NKKOXO
B00XBMNAW4
B00JVCHC36
B00EGJ33BO
B00DCGJ6WW
B009YA4990
B000FC2IZS
B000SEH506
B00V3WCCQO
B004UNGYK8
B005IEH84Y
B00514OYWA
B00BY92NBA
B00FO60F3M
B00H2AQO8I
B005UDICHA
B0089YADSS
B004UNGYLM
B00G2A7XYI
B00EGJE41C
B005PNSYAA
B00BBPW0UG
B005OC4GKO
B01KUGU5JY
B00DCGJ6XQ
B00P9SRNSA
B003JBFCFU
B004QO9VWE
B007OLYT5U
B003F3PLEO
B009G6R0IY
B017JEO2NA
B00B3GMNMS
B004J4WLBE
B0092EE3NA
B00845518O
B00H6JHM7M
B009K9NIPQ
B00CLVB9A6
B001QA4SKQ
B00MV7DHMI
B00DCGJ6V8
B00615QHQ4
B00Y3RCXQK
B001L4Z6YE
B006GR7JRS
B00KDNHVBA
B00BBPVX72
B001VA1PP2
B006LTEP6O
B0084RNRVU
B003XREM2Y
B00FJDMW3G
B00BBPWBAA
B000SIR2W8
B007Z507ZQ
B00X43YPS8
B004CFAZKY
B005PHA2HY
B0052U8JKG
B00F8F0KAM
B004YEOC2A
B006ZD64J2
B003F3PMLQ
B00768D6V4
B003WUYR5E
B004G5ZYGA
B002BNKQ8A
B001DUGOWY
B0088Q9Y3C
B00AJGNIL8
B004C44NHQ
B008XCLZ0Q
B00EZEX7PW
B000SEH1R8
B00BBPWAOW
B004AP9W3M
B01EEEMJHO
B00BBPW7EU
B00T5H2C8W
B0049U4152
B00GR5MZHS
B00DCGJ6Z4
B00KDNHD0Y
B00CLVB9TM
B004YFFCNW
B003D8V7FI
B003CI90NK
B002GKGAZG
B0020BUX54
B00704TS48
B004VSV7M2
B013Q3ZR1O
B01MTKH749
B009UQ7MHE
B006CUDDUG
B00N5E57HY
B01B6QV500
B002ZFOMAW
B007MUJ0AW
B00ODEFPXG
B00K04NWKG
B00KWLQOS4
B00FO60CHQ
B0066CPRLS
B01MAU79R0
B01EW5P5JE
B003WUYRAY
B000FC1PM0
B004V5180G
B0081KZ20E
B002RI9OWI
B00KDNHITK
B00JVCHBZ0
B002LLRE0U
B0050DIW7U
B005CRQ3MA
B00K300ZXO
B003WUYORU
B002IPZFYQ
B00CLVB9LA
B00MQ2NGE2
B003H4I54E
B007UH9BX8
B000SGVEKG
B002WPFH04
B005W30SX4
B0081V4QMI
B0012RMV9I
B003JTHWLY
B00F21V7DG
B00DZEJRDE
B00EGMV25U
B003XVYLGC
B00ERTBG4E
B00OPJW8R0
B01KUGU5CQ
B017Y2JANO
B00LK570T8
B00P8DT8GQ
B00704TSCU
B00AG8HJ1E
B00G2A7Y5Q
B005GFBQ6Q
B00B4V7PUC
B007XJ73NS
B00BO4GE7Y
B008L40NTA
B00CLVB9N8
B00H6JHM6S
B00BZILVEU
B007JZ4MQW
B007AXS1J2
B00EGMV01Q
B00U899DQU
B004JN1CVA
B006HCU64A
B0055TG5MI
B002WPFGZU
B00F1W0S04
B001BC2ZTA
B004JHYSJ4
B0066B7KVE
B00GF2RAUU
B00DQMWSS6
B00MKZE2RU
B00874DVZ2
B00KDNH1XS
B01MFDCQUZ
B007SGV7HY
B00H6JHMHM
B0105VDUQ4
B004TLVNI4
B009DA5FXU
B01LEAOOWY
B000FC0QDO
B016XE7FCW
B00FO60F6O
B00NWC1RRI
B001NJA92G
B00GR5MZFK
B003XREM1K
B00U5L7TOE
B004JHYSIA
B01CBLR09E
B00DZEJQ08
B00CS5BR98
B009028NAI
B0085IN6J6
B00AMSXJ3U
B00D2XA1GU
B004ZACESM
B0092EE8RG
B008F4NU9G
B00FO60CLC
B00GY6Q116
B005UF9WJU
B00T3DNKE8
B0031TZBT2
B004XFYRKM
B006JQ2P84
B00BBMNEC2
B0053YHLCS
B00JVCHBYQ
B004N62HP8
B00C3NSRWU
B0096LJUN2
B008EXK0TG
B00GU3PIMG
B00OYMPDKW
B001LOEG7W
B004EBT6VA
B008454XNS
B005SGW9K0
B0051GZIQE
B002TU1QGG
B00GW4O202
B00840D1U4
B002TU1Q8O
B00CLVB9EM
B005OY4MD8
B00I0BUXUI
B003H29CLG
B017J446LS
B007WKZS4O
B005I4DA32
B005LXC9XC
B005OC4D7A
B000XUDHU2
B00C3NSRWA
B007OLYQ4E
B01C54MM1I
B0047T6W3Y
B0046A9MO0
B00OGWASF0
B00KPBDCHM
B003L203B0
B004IK8PXW
B00A1MRD2K
B008ZPFVUQ
B0089LOQ7K
B002BY774U
B01K1ATYG4
B00DBLR8LE
B004JHYTHU
B00ZJZHDE2
B00507HKY2
B000TWUTSW
B00IQD5PDU
B003WUYR9K
B0082IB8FS
B004JHYSFS
B00606NRNA
B00BZILVKE
B00TRHP3MC
B017Y3HCT2
B00DVQKBC2
B00RWJPQKQ
B01KUGU6WA
B00CKDFECO
B003100UPG
B000FCK4VI
B0092PUGEY
B002RI9PXG
B013JX2XKE
B005OY9F1C
B00DCGJ6UO
B007N9Q4NS
B00B3GMMYM
B003WUYPHE
B005PRJGV2
B00ZJZH5D6
B003WUYPYW
B0085IMZ6G
B005FG0Z5O
B005AJWU7C
B01HT4SYF2
B006MHSU7U
B00KDNHUFM
B002CIY8GK
B0081BTN0I
B0085TJUR2
B007OLYPBI
B001D20266
B003WUYP1K
B005UF5NE8
B004P1JFK6
B004JHYRE0
B00CR0QM0S
B00BEZWJIG
B01DMAFDE2
B00EMM40NK
B0081BTOJS
B007HXKZQ2
B004SS1MH0
B00KDNGYKY
B00OYMPEFQ
B004EBT6L0
B01C59OSGU
B004KABDSY
B002ZAJITC
B003WMAAEE
B00ARQXXGK
B00LD1OC3Q
B000FBJHL2
B008L40QB0
B004GKMI78
B00BI8CDTO
B008QLXR5U
B00AT2WASE
B00RWJPQH4
B01CWZFC5S
B005PRF5GW
B00EGMV02A
B00USNENV6
B00AV68GQ8
B00DAD26TC
B00OYMPDSE
B014V5TGPE
B009Y4I3JS
B002RIA012
B00C0AM2M2
B00H12A0YQ
B00NCQWYNU
B002CIY8FG
B007REKUSY
B008UX8CM2
B006OHJ1O4
B006GR5LWS
B00ID584GQ
B003WUYR1S
B0082S6AJW
B005MPWMWC
B00DCGJ6VS
B01LX7RNCG
B00UOKUTHU
B005O7VGB6
B007XJ72MU
B004BSGITO
B00JOCNPHU
B00TQEM1BC
B00KDNHUHU
B003T0GAM0
B01DMBX6RW
B004TNH59S
B005GFPNE2
B0096TK6ZA
B009028M6S
B006NZARJ0
B0085IN8FS
B004N625JQ
B008BQGO46
B00ERTF0PA
B00IHMBNHW
B004Z8291Q
B0084CEDC2
B00DZEJRN4
B002DMZ9U4
B0116EBXNG
B007UH4DD6
B0116EBXO0
B000FC1CK0
B000OIZV4I
B00FO60AZA
B003WUYPI8
B005CRQ2DU
B003Z6QGJK
B001RHOJTI
B001QEAQQ2
B000OCXIUI
B001TLZF8Q
B018ER7L7U
B003I1WY2A
B000GCFWXC
B00F1W07XM
B0116EBXNQ
B00IT7GKF0
B0116EBXP4
B000FBFN92
B000O76O8G
B000FA675C
B003XKN65K
B0116EBXLI
B00B4V7T0I
B000ROKXZ6
B01E8XKCY8
